source_row_index,event_type,score_before_home,score_before_away,score_after_home,score_after_away,score_change,shooter_pid,shot_value,shot_action,shot_distance_ft,assisted_by_pid,block_by_pid,ft_result,ft_seq_num,ft_seq_total,rebound_type,rebounder_pid,team_rebound_flag,foul_type,fouler_pid,drawn_by_pid,turnover_committer_pid,turnover_detail,steal_by_pid,violation_label,violation_by,violation_detail,jumper1_pid,jumper2_pid,possession_winner_pid,player_in_pid,player_out_pid,timeout_team,period_kind,period_ordinal,unparsed,raw_text,clock
1,jump_ball,,,,,,,,,,,,,,,,,,,,,,,,,,,,,,,,,,,,12:00.0 Jump ball: postqu01 vs. vucevni01 ( greendr01 gains possession),12:00.0
2,fg_make,,,3.0,0.0,3.0,hieldbu01,3.0,jump shot,27.0,butleji01,,,,,,,,,,,,,,,,,,,,,,,,,,11:45.0 hieldbu01 makes 3-pt jump shot from 27 ft (assist by butleji01 ) +3 3-0,11:45.0
3,fg_make,,,3.0,2.0,2.0,vucevni01,2.0,jump shot,7.0,dosunay01,,,,,,,,,,,,,,,,,,,,,,,,,,11:30.0 3-2 +2 vucevni01 makes 2-pt jump shot from 7 ft (assist by dosunay01 ),11:30.0
4,fg_make,,,5.0,2.0,2.0,butleji01,2.0,dunk,4.0,hieldbu01,,,,,,,,,,,,,,,,,,,,,,,,,,11:18.0 butleji01 makes 2-pt dunk from 4 ft (assist by hieldbu01 ) +2 5-2,11:18.0
5,fg_miss,,,5.0,2.0,,vucevni01,3.0,jump shot,27.0,,,,,,,,,,,,,,,,,,,,,,,,,,,11:08.0 5-2 vucevni01 misses 3-pt jump shot from 27 ft,11:08.0
6,rebound,,,5.0,2.0,,,,,,,,,,,defensive,butleji01,False,,,,,,,,,,,,,,,,,,,11:05.0 Defensive rebound by butleji01 5-2,11:05.0
7,foul,,,5.0,2.0,,,,,,,,,,,,,,shooting,dosunay01,butleji01,,,,,,,,,,,,,,,,10:55.0 Shooting foul by dosunay01 (drawn by butleji01 ) 5-2,10:55.0
8,free_throw,,,6.0,2.0,1.0,butleji01,,,,,,makes,1.0,2.0,,,,,,,,,,,,,,,,,,,,,,10:55.0 butleji01 makes free throw 1 of 2 +1 6-2,10:55.0
9,free_throw,,,7.0,2.0,1.0,butleji01,,,,,,makes,2.0,2.0,,,,,,,,,,,,,,,,,,,,,,10:55.0 butleji01 makes free throw 2 of 2 +1 7-2,10:55.0
10,fg_miss,,,7.0,2.0,,giddejo01,3.0,jump shot,24.0,,greendr01,,,,,,,,,,,,,,,,,,,,,,,,,10:47.0 7-2 giddejo01 misses 3-pt jump shot from 24 ft (block by greendr01 ),10:47.0
11,rebound,,,7.0,2.0,,,,,,,,,,,offensive,giddejo01,False,,,,,,,,,,,,,,,,,,,10:44.0 7-2 Offensive rebound by giddejo01,10:44.0
12,turnover,,,7.0,2.0,,,,,,,,,,,,,,,,,whiteco01,traveling,,,,,,,,,,,,,,10:31.0 7-2 Turnover by whiteco01 (traveling),10:31.0
13,fg_make,,,9.0,2.0,2.0,postqu01,2.0,jump shot,11.0,hieldbu01,,,,,,,,,,,,,,,,,,,,,,,,,,10:18.0 postqu01 makes 2-pt jump shot from 11 ft (assist by hieldbu01 ) +2 9-2,10:18.0
14,fg_make,,,9.0,5.0,3.0,buzelma01,3.0,jump shot,23.0,dosunay01,,,,,,,,,,,,,,,,,,,,,,,,,,10:09.0 9-5 +3 buzelma01 makes 3-pt jump shot from 23 ft (assist by dosunay01 ),10:09.0
15,fg_miss,,,9.0,5.0,,postqu01,3.0,jump shot,22.0,,,,,,,,,,,,,,,,,,,,,,,,,,,9:53.0 postqu01 misses 3-pt jump shot from 22 ft 9-5,9:53.0
16,rebound,,,9.0,5.0,,,,,,,,,,,defensive,giddejo01,False,,,,,,,,,,,,,,,,,,,9:51.0 9-5 Defensive rebound by giddejo01,9:51.0
17,fg_make,,,9.0,7.0,2.0,dosunay01,2.0,layup,4.0,,,,,,,,,,,,,,,,,,,,,,,,,,,9:41.0 9-7 +2 dosunay01 makes 2-pt layup from 4 ft,9:41.0
18,fg_miss,,,9.0,7.0,,hieldbu01,2.0,layup,8.0,,giddejo01,,,,,,,,,,,,,,,,,,,,,,,,,9:20.0 hieldbu01 misses 2-pt layup from 8 ft (block by giddejo01 ) 9-7,9:20.0
19,rebound,,,9.0,7.0,,,,,,,,,,,defensive,whiteco01,False,,,,,,,,,,,,,,,,,,,9:19.0 9-7 Defensive rebound by whiteco01,9:19.0
20,fg_make,,,9.0,10.0,3.0,whiteco01,3.0,jump shot,27.0,dosunay01,,,,,,,,,,,,,,,,,,,,,,,,,,9:06.0 9-10 +3 whiteco01 makes 3-pt jump shot from 27 ft (assist by dosunay01 ),9:06.0
21,fg_miss,,,9.0,10.0,,curryst01,3.0,jump shot,28.0,,,,,,,,,,,,,,,,,,,,,,,,,,,8:54.0 curryst01 misses 3-pt jump shot from 28 ft 9-10,8:54.0
22,rebound,,,9.0,10.0,,,,,,,,,,,offensive,greendr01,False,,,,,,,,,,,,,,,,,,,8:50.0 Offensive rebound by greendr01 9-10,8:50.0
23,fg_make,,,12.0,10.0,3.0,postqu01,3.0,jump shot,23.0,hieldbu01,,,,,,,,,,,,,,,,,,,,,,,,,,8:44.0 postqu01 makes 3-pt jump shot from 23 ft (assist by hieldbu01 ) +3 12-10,8:44.0
24,fg_miss,,,12.0,10.0,,giddejo01,3.0,jump shot,26.0,,,,,,,,,,,,,,,,,,,,,,,,,,,8:31.0 12-10 giddejo01 misses 3-pt jump shot from 26 ft,8:31.0
25,rebound,,,12.0,10.0,,,,,,,,,,,defensive,hieldbu01,False,,,,,,,,,,,,,,,,,,,8:28.0 Defensive rebound by hieldbu01 12-10,8:28.0
26,fg_miss,,,12.0,10.0,,butleji01,2.0,layup,5.0,,giddejo01,,,,,,,,,,,,,,,,,,,,,,,,,8:22.0 butleji01 misses 2-pt layup from 5 ft (block by giddejo01 ) 12-10,8:22.0
27,rebound,,,12.0,10.0,,,,,,,,,,,defensive,buzelma01,False,,,,,,,,,,,,,,,,,,,8:21.0 12-10 Defensive rebound by buzelma01,8:21.0
28,fg_miss,,,12.0,10.0,,giddejo01,2.0,jump shot,9.0,,,,,,,,,,,,,,,,,,,,,,,,,,,8:05.0 12-10 giddejo01 misses 2-pt jump shot from 9 ft,8:05.0
29,rebound,,,12.0,10.0,,,,,,,,,,,defensive,hieldbu01,False,,,,,,,,,,,,,,,,,,,8:03.0 Defensive rebound by hieldbu01 12-10,8:03.0
30,fg_miss,,,12.0,10.0,,postqu01,3.0,jump shot,26.0,,,,,,,,,,,,,,,,,,,,,,,,,,,7:57.0 postqu01 misses 3-pt jump shot from 26 ft 12-10,7:57.0
31,rebound,,,12.0,10.0,,,,,,,,,,,defensive,giddejo01,False,,,,,,,,,,,,,,,,,,,7:54.0 12-10 Defensive rebound by giddejo01,7:54.0
32,fg_miss,,,12.0,10.0,,whiteco01,3.0,jump shot,27.0,,,,,,,,,,,,,,,,,,,,,,,,,,,7:50.0 12-10 whiteco01 misses 3-pt jump shot from 27 ft,7:50.0
33,rebound,,,12.0,10.0,,,,,,,,,,,defensive,hieldbu01,False,,,,,,,,,,,,,,,,,,,7:47.0 Defensive rebound by hieldbu01 12-10,7:47.0
34,timeout,,,12.0,10.0,,,,,,,,,,,,,,,,,,,,,,,,,,,,Golden State full,,,,7:42.0 Golden State full timeout 12-10,7:42.0
35,substitution,,,12.0,10.0,,,,,,,,,,,,,,,,,,,,,,,,,,,,,,,,7:42.0 paytoga02 enters the game for butleji01 12-10,7:42.0
36,turnover,,,12.0,10.0,,,,,,,,,,,,,,,,,greendr01,bad pass; steal by dosunay01,dosunay01,,,,,,,,,,,,,7:36.0 Turnover by greendr01 (bad pass; steal by dosunay01 ) 12-10,7:36.0
37,fg_make,,,12.0,12.0,2.0,dosunay01,2.0,layup,8.0,whiteco01,,,,,,,,,,,,,,,,,,,,,,,,,,7:30.0 12-12 +2 dosunay01 makes 2-pt layup from 8 ft (assist by whiteco01 ),7:30.0
38,foul,,,12.0,12.0,,,,,,,,,,,,,,shooting,postqu01,dosunay01,,,,,,,,,,,,,,,,7:30.0 12-12 Shooting foul by postqu01 (drawn by dosunay01 ),7:30.0
39,free_throw,,,12.0,13.0,1.0,dosunay01,,,,,,makes,1.0,1.0,,,,,,,,,,,,,,,,,,,,,,7:30.0 12-13 +1 dosunay01 makes free throw 1 of 1,7:30.0
40,fg_miss,,,12.0,13.0,,hieldbu01,2.0,jump shot,17.0,,,,,,,,,,,,,,,,,,,,,,,,,,,7:08.0 hieldbu01 misses 2-pt jump shot from 17 ft 12-13,7:08.0
41,rebound,,,12.0,13.0,,,,,,,,,,,offensive,hieldbu01,False,,,,,,,,,,,,,,,,,,,7:05.0 Offensive rebound by hieldbu01 12-13,7:05.0
42,fg_make,,,14.0,13.0,2.0,hieldbu01,2.0,jump shot,12.0,,,,,,,,,,,,,,,,,,,,,,,,,,,7:03.0 hieldbu01 makes 2-pt jump shot from 12 ft +2 14-13,7:03.0
43,fg_make,,,14.0,16.0,3.0,whiteco01,3.0,jump shot,28.0,dosunay01,,,,,,,,,,,,,,,,,,,,,,,,,,6:41.0 14-16 +3 whiteco01 makes 3-pt jump shot from 28 ft (assist by dosunay01 ),6:41.0
44,fg_make,,,16.0,16.0,2.0,postqu01,2.0,jump shot,13.0,curryst01,,,,,,,,,,,,,,,,,,,,,,,,,,6:29.0 postqu01 makes 2-pt jump shot from 13 ft (assist by curryst01 ) +2 16-16,6:29.0
45,fg_miss,,,16.0,16.0,,giddejo01,3.0,jump shot,23.0,,,,,,,,,,,,,,,,,,,,,,,,,,,6:17.0 16-16 giddejo01 misses 3-pt jump shot from 23 ft,6:17.0
46,rebound,,,16.0,16.0,,,,,,,,,,,defensive,paytoga02,False,,,,,,,,,,,,,,,,,,,6:14.0 Defensive rebound by paytoga02 16-16,6:14.0
47,fg_make,,,19.0,16.0,3.0,curryst01,3.0,jump shot,29.0,postqu01,,,,,,,,,,,,,,,,,,,,,,,,,,6:05.0 curryst01 makes 3-pt jump shot from 29 ft (assist by postqu01 ) +3 19-16,6:05.0
48,foul,,,19.0,16.0,,,,,,,,,,,,,,personal,paytoga02,buzelma01,,,,,,,,,,,,,,,,5:44.0 19-16 Personal foul by paytoga02 (drawn by buzelma01 ),5:44.0
49,substitution,,,19.0,16.0,,,,,,,,,,,,,,,,,,,,,,,,,,,,,,,,5:44.0 moodymo01 enters the game for postqu01 19-16,5:44.0
50,substitution,,,19.0,16.0,,,,,,,,,,,,,,,,,,,,,,,,,,,,,,,,5:44.0 19-16 huertke01 enters the game for giddejo01,5:44.0
51,substitution,,,19.0,16.0,,,,,,,,,,,,,,,,,,,,,,,,,,,,,,,,5:44.0 19-16 willipa01 enters the game for whiteco01,5:44.0
52,turnover,,,19.0,16.0,,,,,,,,,,,,,,,,,dosunay01,lost ball; steal by greendr01,greendr01,,,,,,,,,,,,,5:40.0 19-16 Turnover by dosunay01 (lost ball; steal by greendr01 ),5:40.0
53,fg_make,,,21.0,16.0,2.0,paytoga02,2.0,dunk,4.0,greendr01,,,,,,,,,,,,,,,,,,,,,,,,,,5:36.0 paytoga02 makes 2-pt dunk from 4 ft (assist by greendr01 ) +2 21-16,5:36.0
54,foul,,,21.0,16.0,,,,,,,,,,,,,,personal,greendr01,willipa01,,,,,,,,,,,,,,,,5:26.0 21-16 Personal foul by greendr01 (drawn by willipa01 ),5:26.0
55,fg_miss,,,21.0,16.0,,willipa01,3.0,jump shot,27.0,,,,,,,,,,,,,,,,,,,,,,,,,,,5:15.0 21-16 willipa01 misses 3-pt jump shot from 27 ft,5:15.0
56,rebound,,,21.0,16.0,,,,,,,,,,,defensive,hieldbu01,False,,,,,,,,,,,,,,,,,,,5:13.0 Defensive rebound by hieldbu01 21-16,5:13.0
57,fg_miss,,,21.0,16.0,,hieldbu01,3.0,jump shot,27.0,,,,,,,,,,,,,,,,,,,,,,,,,,,5:08.0 hieldbu01 misses 3-pt jump shot from 27 ft 21-16,5:08.0
58,rebound,,,21.0,16.0,,,,,,,,,,,defensive,huertke01,False,,,,,,,,,,,,,,,,,,,5:06.0 21-16 Defensive rebound by huertke01,5:06.0
59,foul,,,21.0,16.0,,,,,,,,,,,,,,shooting,hieldbu01,buzelma01,,,,,,,,,,,,,,,,4:42.0 21-16 Shooting foul by hieldbu01 (drawn by buzelma01 ),4:42.0
60,free_throw,,,21.0,17.0,1.0,buzelma01,,,,,,makes,1.0,2.0,,,,,,,,,,,,,,,,,,,,,,4:42.0 21-17 +1 buzelma01 makes free throw 1 of 2,4:42.0
61,substitution,,,21.0,17.0,,,,,,,,,,,,,,,,,,,,,,,,,,,,,,,,4:42.0 podzibr01 enters the game for hieldbu01 21-17,4:42.0
62,substitution,,,21.0,17.0,,,,,,,,,,,,,,,,,,,,,,,,,,,,,,,,4:42.0 21-17 jonestr01 enters the game for dosunay01,4:42.0
63,free_throw,,,21.0,18.0,1.0,buzelma01,,,,,,makes,2.0,2.0,,,,,,,,,,,,,,,,,,,,,,4:42.0 21-18 +1 buzelma01 makes free throw 2 of 2,4:42.0
64,fg_miss,,,21.0,18.0,,moodymo01,3.0,jump shot,27.0,,,,,,,,,,,,,,,,,,,,,,,,,,,4:26.0 moodymo01 misses 3-pt jump shot from 27 ft 21-18,4:26.0
65,rebound,,,21.0,18.0,,,,,,,,,,,defensive,jonestr01,False,,,,,,,,,,,,,,,,,,,4:23.0 21-18 Defensive rebound by jonestr01,4:23.0
66,substitution,,,21.0,18.0,,,,,,,,,,,,,,,,,,,,,,,,,,,,,,,,4:23.0 looneke01 enters the game for greendr01 21-18,4:23.0
67,fg_miss,,,21.0,18.0,,huertke01,2.0,layup,5.0,,,,,,,,,,,,,,,,,,,,,,,,,,,4:08.0 21-18 huertke01 misses 2-pt layup from 5 ft,4:08.0
68,rebound,,,21.0,18.0,,,,,,,,,,,offensive,,True,,,,,,,,,,,,,,,,,,,4:07.0 21-18 Offensive rebound by Team,4:07.0
69,fg_miss,,,21.0,18.0,,vucevni01,2.0,layup,6.0,,,,,,,,,,,,,,,,,,,,,,,,,,,4:03.0 21-18 vucevni01 misses 2-pt layup from 6 ft,4:03.0
70,rebound,,,21.0,18.0,,,,,,,,,,,defensive,looneke01,False,,,,,,,,,,,,,,,,,,,4:01.0 Defensive rebound by looneke01 21-18,4:01.0
71,fg_make,,,24.0,18.0,3.0,curryst01,3.0,jump shot,27.0,looneke01,,,,,,,,,,,,,,,,,,,,,,,,,,3:50.0 curryst01 makes 3-pt jump shot from 27 ft (assist by looneke01 ) +3 24-18,3:50.0
72,fg_make,,,24.0,20.0,2.0,buzelma01,2.0,layup,4.0,vucevni01,,,,,,,,,,,,,,,,,,,,,,,,,,3:38.0 24-20 +2 buzelma01 makes 2-pt layup from 4 ft (assist by vucevni01 ),3:38.0
73,turnover,,,24.0,20.0,,,,,,,,,,,,,,,,,curryst01,lost ball; steal by huertke01,huertke01,,,,,,,,,,,,,3:30.0 Turnover by curryst01 (lost ball; steal by huertke01 ) 24-20,3:30.0
74,fg_make,,,24.0,22.0,2.0,buzelma01,2.0,layup,3.0,jonestr01,,,,,,,,,,,,,,,,,,,,,,,,,,3:24.0 24-22 +2 buzelma01 makes 2-pt layup from 3 ft (assist by jonestr01 ),3:24.0
75,fg_make,,,26.0,22.0,2.0,podzibr01,2.0,jump shot,13.0,,,,,,,,,,,,,,,,,,,,,,,,,,,3:00.0 podzibr01 makes 2-pt jump shot from 13 ft +2 26-22,3:00.0
76,fg_miss,,,26.0,22.0,,willipa01,2.0,jump shot,7.0,,,,,,,,,,,,,,,,,,,,,,,,,,,2:47.0 26-22 willipa01 misses 2-pt jump shot from 7 ft,2:47.0
77,rebound,,,26.0,22.0,,,,,,,,,,,offensive,,True,,,,,,,,,,,,,,,,,,,2:44.0 26-22 Offensive rebound by Team,2:44.0
78,timeout,,,26.0,22.0,,,,,,,,,,,,,,,,,,,,,,,,,,,,Chicago full,,,,2:44.0 26-22 Chicago full timeout,2:44.0
79,substitution,,,26.0,22.0,,,,,,,,,,,,,,,,,,,,,,,,,,,,,,,,2:44.0 butleji01 enters the game for curryst01 26-22,2:44.0
80,substitution,,,26.0,22.0,,,,,,,,,,,,,,,,,,,,,,,,,,,,,,,,2:44.0 santogu01 enters the game for paytoga02 26-22,2:44.0
81,substitution,,,26.0,22.0,,,,,,,,,,,,,,,,,,,,,,,,,,,,,,,,2:44.0 26-22 smithja04 enters the game for buzelma01,2:44.0
82,substitution,,,26.0,22.0,,,,,,,,,,,,,,,,,,,,,,,,,,,,,,,,2:44.0 26-22 whiteco01 enters the game for vucevni01,2:44.0
83,fg_miss,,,26.0,22.0,,huertke01,3.0,jump shot,23.0,,,,,,,,,,,,,,,,,,,,,,,,,,,2:43.0 26-22 huertke01 misses 3-pt jump shot from 23 ft,2:43.0
84,rebound,,,26.0,22.0,,,,,,,,,,,offensive,,True,,,,,,,,,,,,,,,,,,,2:41.0 26-22 Offensive rebound by Team,2:41.0
85,foul,,,26.0,22.0,,,,,,,,,,,,,,loose ball,santogu01,willipa01,,,,,,,,,,,,,,,,2:41.0 Loose ball foul by santogu01 (drawn by willipa01 ) 26-22,2:41.0
86,free_throw,,,26.0,22.0,,willipa01,,,,,,misses,1.0,2.0,,,,,,,,,,,,,,,,,,,,,,2:41.0 26-22 willipa01 misses free throw 1 of 2,2:41.0
87,rebound,,,26.0,22.0,,,,,,,,,,,offensive,,True,,,,,,,,,,,,,,,,,,,2:41.0 26-22 Offensive rebound by Team,2:41.0
88,free_throw,,,26.0,23.0,1.0,willipa01,,,,,,makes,2.0,2.0,,,,,,,,,,,,,,,,,,,,,,2:41.0 26-23 +1 willipa01 makes free throw 2 of 2,2:41.0
89,fg_miss,,,26.0,23.0,,moodymo01,2.0,layup,5.0,,,,,,,,,,,,,,,,,,,,,,,,,,,2:23.0 moodymo01 misses 2-pt layup from 5 ft 26-23,2:23.0
90,rebound,,,26.0,23.0,,,,,,,,,,,defensive,,True,,,,,,,,,,,,,,,,,,,2:20.0 26-23 Defensive rebound by Team,2:20.0
91,fg_miss,,,26.0,23.0,,jonestr01,2.0,layup,6.0,,,,,,,,,,,,,,,,,,,,,,,,,,,2:07.0 26-23 jonestr01 misses 2-pt layup from 6 ft,2:07.0
92,rebound,,,26.0,23.0,,,,,,,,,,,defensive,looneke01,False,,,,,,,,,,,,,,,,,,,2:05.0 Defensive rebound by looneke01 26-23,2:05.0
93,foul,,,26.0,23.0,,,,,,,,,,,,,,shooting,jonestr01,santogu01,,,,,,,,,,,,,,,,1:50.0 Shooting foul by jonestr01 (drawn by santogu01 ) 26-23,1:50.0
94,free_throw,,,27.0,23.0,1.0,santogu01,,,,,,makes,1.0,2.0,,,,,,,,,,,,,,,,,,,,,,1:50.0 santogu01 makes free throw 1 of 2 +1 27-23,1:50.0
95,free_throw,,,28.0,23.0,1.0,santogu01,,,,,,makes,2.0,2.0,,,,,,,,,,,,,,,,,,,,,,1:50.0 santogu01 makes free throw 2 of 2 +1 28-23,1:50.0
96,fg_make,,,28.0,25.0,2.0,willipa01,2.0,layup,6.0,,,,,,,,,,,,,,,,,,,,,,,,,,,1:33.0 28-25 +2 willipa01 makes 2-pt layup from 6 ft,1:33.0
97,foul,,,28.0,25.0,,,,,,,,,,,,,,personal,willipa01,butleji01,,,,,,,,,,,,,,,,1:22.0 Personal foul by willipa01 (drawn by butleji01 ) 28-25,1:22.0
98,free_throw,,,28.0,25.0,,butleji01,,,,,,misses,1.0,2.0,,,,,,,,,,,,,,,,,,,,,,1:22.0 butleji01 misses free throw 1 of 2 28-25,1:22.0
99,rebound,,,28.0,25.0,,,,,,,,,,,offensive,,True,,,,,,,,,,,,,,,,,,,1:22.0 Offensive rebound by Team 28-25,1:22.0
100,free_throw,,,29.0,25.0,1.0,butleji01,,,,,,makes,2.0,2.0,,,,,,,,,,,,,,,,,,,,,,1:22.0 butleji01 makes free throw 2 of 2 +1 29-25,1:22.0
101,fg_make,,,29.0,28.0,3.0,smithja04,3.0,jump shot,26.0,jonestr01,,,,,,,,,,,,,,,,,,,,,,,,,,1:15.0 29-28 +3 smithja04 makes 3-pt jump shot from 26 ft (assist by jonestr01 ),1:15.0
102,fg_make,,,32.0,28.0,3.0,podzibr01,3.0,jump shot,25.0,moodymo01,,,,,,,,,,,,,,,,,,,,,,,,,,0:58.0 podzibr01 makes 3-pt jump shot from 25 ft (assist by moodymo01 ) +3 32-28,0:58.0
103,fg_miss,,,32.0,28.0,,huertke01,3.0,jump shot,26.0,,,,,,,,,,,,,,,,,,,,,,,,,,,0:48.0 32-28 huertke01 misses 3-pt jump shot from 26 ft,0:48.0
104,rebound,,,32.0,28.0,,,,,,,,,,,defensive,looneke01,False,,,,,,,,,,,,,,,,,,,0:46.0 Defensive rebound by looneke01 32-28,0:46.0
105,fg_make,,,34.0,28.0,2.0,looneke01,2.0,layup,2.0,butleji01,,,,,,,,,,,,,,,,,,,,,,,,,,0:33.0 looneke01 makes 2-pt layup from 2 ft (assist by butleji01 ) +2 34-28,0:33.0
106,fg_make,,,34.0,31.0,3.0,willipa01,3.0,jump shot,27.0,huertke01,,,,,,,,,,,,,,,,,,,,,,,,,,0:19.0 34-31 +3 willipa01 makes 3-pt jump shot from 27 ft (assist by huertke01 ),0:19.0
107,fg_miss,,,34.0,31.0,,moodymo01,2.0,jump shot,13.0,,,,,,,,,,,,,,,,,,,,,,,,,,,0:01.0 moodymo01 misses 2-pt jump shot from 13 ft 34-31,0:01.0
108,rebound,,,34.0,31.0,,,,,,,,,,,offensive,,True,,,,,,,,,,,,,,,,,,,0:00.0 Offensive rebound by Team 34-31,0:00.0
109,period_end,,,,,,,,,,,,,,,,,,,,,,,,,,,,,,,,,quarter,1.0,,0:00.0 End of 1st quarter,0:00.0
110,period_start,,,,,,,,,,,,,,,,,,,,,,,,,,,,,,,,,quarter,2.0,,12:00.0 Start of 2nd quarter,12:00.0
111,fg_make,,,34.0,33.0,2.0,whiteco01,2.0,jump shot,8.0,,,,,,,,,,,,,,,,,,,,,,,,,,,11:40.0 34-33 +2 whiteco01 makes 2-pt jump shot from 8 ft,11:40.0
112,fg_miss,,,34.0,33.0,,butleji01,3.0,jump shot,22.0,,,,,,,,,,,,,,,,,,,,,,,,,,,11:18.0 butleji01 misses 3-pt jump shot from 22 ft 34-33,11:18.0
113,rebound,,,34.0,33.0,,,,,,,,,,,defensive,huertke01,False,,,,,,,,,,,,,,,,,,,11:15.0 34-33 Defensive rebound by huertke01,11:15.0
114,fg_miss,,,34.0,33.0,,willipa01,2.0,layup,4.0,,,,,,,,,,,,,,,,,,,,,,,,,,,11:03.0 34-33 willipa01 misses 2-pt layup from 4 ft,11:03.0
115,rebound,,,34.0,33.0,,,,,,,,,,,defensive,,True,,,,,,,,,,,,,,,,,,,11:01.0 Defensive rebound by Team 34-33,11:01.0
116,fg_miss,,,34.0,33.0,,butleji01,2.0,jump shot,6.0,,,,,,,,,,,,,,,,,,,,,,,,,,,10:47.0 butleji01 misses 2-pt jump shot from 6 ft 34-33,10:47.0
117,rebound,,,34.0,33.0,,,,,,,,,,,offensive,looneke01,False,,,,,,,,,,,,,,,,,,,10:45.0 Offensive rebound by looneke01 34-33,10:45.0
118,fg_miss,,,34.0,33.0,,looneke01,2.0,layup,2.0,,,,,,,,,,,,,,,,,,,,,,,,,,,10:45.0 looneke01 misses 2-pt layup from 2 ft 34-33,10:45.0
119,rebound,,,34.0,33.0,,,,,,,,,,,offensive,looneke01,False,,,,,,,,,,,,,,,,,,,10:44.0 Offensive rebound by looneke01 34-33,10:44.0
120,fg_miss,,,34.0,33.0,,moodymo01,3.0,jump shot,23.0,,,,,,,,,,,,,,,,,,,,,,,,,,,10:42.0 moodymo01 misses 3-pt jump shot from 23 ft 34-33,10:42.0
121,rebound,,,34.0,33.0,,,,,,,,,,,defensive,smithja04,False,,,,,,,,,,,,,,,,,,,10:40.0 34-33 Defensive rebound by smithja04,10:40.0
122,foul,,,34.0,33.0,,,,,,,,,,,,,,shooting,podzibr01,whiteco01,,,,,,,,,,,,,,,,10:26.0 34-33 Shooting foul by podzibr01 (drawn by whiteco01 ),10:26.0
123,free_throw,,,34.0,34.0,1.0,whiteco01,,,,,,makes,1.0,2.0,,,,,,,,,,,,,,,,,,,,,,10:26.0 34-34 +1 whiteco01 makes free throw 1 of 2,10:26.0
124,free_throw,,,34.0,35.0,1.0,whiteco01,,,,,,makes,2.0,2.0,,,,,,,,,,,,,,,,,,,,,,10:26.0 34-35 +1 whiteco01 makes free throw 2 of 2,10:26.0
125,fg_miss,,,34.0,35.0,,podzibr01,3.0,jump shot,27.0,,,,,,,,,,,,,,,,,,,,,,,,,,,10:13.0 podzibr01 misses 3-pt jump shot from 27 ft 34-35,10:13.0
126,rebound,,,34.0,35.0,,,,,,,,,,,defensive,huertke01,False,,,,,,,,,,,,,,,,,,,10:09.0 34-35 Defensive rebound by huertke01,10:09.0
127,fg_make,,,34.0,38.0,3.0,huertke01,3.0,jump shot,27.0,,,,,,,,,,,,,,,,,,,,,,,,,,,10:03.0 34-38 +3 huertke01 makes 3-pt jump shot from 27 ft,10:03.0
128,fg_miss,,,34.0,38.0,,moodymo01,3.0,jump shot,23.0,,,,,,,,,,,,,,,,,,,,,,,,,,,9:52.0 moodymo01 misses 3-pt jump shot from 23 ft 34-38,9:52.0
129,rebound,,,34.0,38.0,,,,,,,,,,,defensive,whiteco01,False,,,,,,,,,,,,,,,,,,,9:50.0 34-38 Defensive rebound by whiteco01,9:50.0
130,fg_miss,,,34.0,38.0,,willipa01,3.0,jump shot,28.0,,,,,,,,,,,,,,,,,,,,,,,,,,,9:45.0 34-38 willipa01 misses 3-pt jump shot from 28 ft,9:45.0
131,rebound,,,34.0,38.0,,,,,,,,,,,defensive,,True,,,,,,,,,,,,,,,,,,,9:42.0 Defensive rebound by Team 34-38,9:42.0
132,substitution,,,34.0,38.0,,,,,,,,,,,,,,,,,,,,,,,,,,,,,,,,9:42.0 34-38 giddejo01 enters the game for jonestr01,9:42.0
133,foul,,,34.0,38.0,,,,,,,,,,,,,,personal,giddejo01,podzibr01,,,,,,,,,,,,,,,,9:34.0 Personal foul by giddejo01 (drawn by podzibr01 ) 34-38,9:34.0
134,substitution,,,34.0,38.0,,,,,,,,,,,,,,,,,,,,,,,,,,,,,,,,9:34.0 34-38 buzelma01 enters the game for whiteco01,9:34.0
135,substitution,,,34.0,38.0,,,,,,,,,,,,,,,,,,,,,,,,,,,,,,,,9:34.0 34-38 dosunay01 enters the game for willipa01,9:34.0
136,fg_miss,,,34.0,38.0,,hieldbu01,3.0,jump shot,27.0,,,,,,,,,,,,,,,,,,,,,,,,,,,9:31.0 hieldbu01 misses 3-pt jump shot from 27 ft 34-38,9:31.0
137,rebound,,,34.0,38.0,,,,,,,,,,,defensive,giddejo01,False,,,,,,,,,,,,,,,,,,,9:28.0 34-38 Defensive rebound by giddejo01,9:28.0
138,fg_make,,,34.0,41.0,3.0,smithja04,3.0,jump shot,28.0,giddejo01,,,,,,,,,,,,,,,,,,,,,,,,,,9:21.0 34-41 +3 smithja04 makes 3-pt jump shot from 28 ft (assist by giddejo01 ),9:21.0
139,timeout,,,34.0,41.0,,,,,,,,,,,,,,,,,,,,,,,,,,,,Golden State full,,,,9:20.0 Golden State full timeout 34-41,9:20.0
140,substitution,,,34.0,41.0,,,,,,,,,,,,,,,,,,,,,,,,,,,,,,,,9:20.0 curryst01 enters the game for butleji01 34-41,9:20.0
141,substitution,,,34.0,41.0,,,,,,,,,,,,,,,,,,,,,,,,,,,,,,,,9:20.0 paytoga02 enters the game for looneke01 34-41,9:20.0
142,substitution,,,34.0,41.0,,,,,,,,,,,,,,,,,,,,,,,,,,,,,,,,9:20.0 postqu01 enters the game for moodymo01 34-41,9:20.0
143,substitution,,,34.0,41.0,,,,,,,,,,,,,,,,,,,,,,,,,,,,,,,,9:20.0 santogu01 enters the game for podzibr01 34-41,9:20.0
144,fg_miss,,,34.0,41.0,,curryst01,3.0,jump shot,36.0,,,,,,,,,,,,,,,,,,,,,,,,,,,8:59.0 curryst01 misses 3-pt jump shot from 36 ft 34-41,8:59.0
145,rebound,,,34.0,41.0,,,,,,,,,,,offensive,,True,,,,,,,,,,,,,,,,,,,8:56.0 Offensive rebound by Team 34-41,8:56.0
146,unknown,,,34.0,41.0,,,,,,,,,,,,,,,,,,,,,,,,,,,,,,,Turnover by Team (shot clock),8:56.0 Turnover by Team (shot clock) 34-41,8:56.0
147,fg_make,,,34.0,43.0,2.0,smithja04,2.0,layup,5.0,giddejo01,,,,,,,,,,,,,,,,,,,,,,,,,,8:45.0 34-43 +2 smithja04 makes 2-pt layup from 5 ft (assist by giddejo01 ),8:45.0
148,fg_miss,,,34.0,43.0,,hieldbu01,3.0,jump shot,27.0,,,,,,,,,,,,,,,,,,,,,,,,,,,8:30.0 hieldbu01 misses 3-pt jump shot from 27 ft 34-43,8:30.0
149,rebound,,,34.0,43.0,,,,,,,,,,,defensive,,True,,,,,,,,,,,,,,,,,,,8:28.0 34-43 Defensive rebound by Team,8:28.0
150,fg_make,,,34.0,46.0,3.0,smithja04,3.0,jump shot,26.0,giddejo01,,,,,,,,,,,,,,,,,,,,,,,,,,8:17.0 34-46 +3 smithja04 makes 3-pt jump shot from 26 ft (assist by giddejo01 ),8:17.0
151,timeout,,,34.0,46.0,,,,,,,,,,,,,,,,,,,,,,,,,,,,Golden State full,,,,8:16.0 Golden State full timeout 34-46,8:16.0
152,substitution,,,34.0,46.0,,,,,,,,,,,,,,,,,,,,,,,,,,,,,,,,8:16.0 greendr01 enters the game for hieldbu01 34-46,8:16.0
153,substitution,,,34.0,46.0,,,,,,,,,,,,,,,,,,,,,,,,,,,,,,,,8:16.0 podzibr01 enters the game for santogu01 34-46,8:16.0
154,fg_miss,,,34.0,46.0,,podzibr01,3.0,jump shot,24.0,,,,,,,,,,,,,,,,,,,,,,,,,,,7:59.0 podzibr01 misses 3-pt jump shot from 24 ft 34-46,7:59.0
155,rebound,,,34.0,46.0,,,,,,,,,,,offensive,curryst01,False,,,,,,,,,,,,,,,,,,,7:54.0 Offensive rebound by curryst01 34-46,7:54.0
156,fg_miss,,,34.0,46.0,,paytoga02,3.0,jump shot,23.0,,,,,,,,,,,,,,,,,,,,,,,,,,,7:48.0 paytoga02 misses 3-pt jump shot from 23 ft 34-46,7:48.0
157,rebound,,,34.0,46.0,,,,,,,,,,,offensive,postqu01,False,,,,,,,,,,,,,,,,,,,7:45.0 Offensive rebound by postqu01 34-46,7:45.0
158,fg_make,,,36.0,46.0,2.0,postqu01,2.0,hook shot,7.0,,,,,,,,,,,,,,,,,,,,,,,,,,,7:42.0 postqu01 makes 2-pt hook shot from 7 ft +2 36-46,7:42.0
159,fg_make,,,36.0,49.0,3.0,smithja04,3.0,jump shot,23.0,buzelma01,,,,,,,,,,,,,,,,,,,,,,,,,,7:17.0 36-49 +3 smithja04 makes 3-pt jump shot from 23 ft (assist by buzelma01 ),7:17.0
160,turnover,,,36.0,49.0,,,,,,,,,,,,,,,,,greendr01,bad pass,,,,,,,,,,,,,,7:10.0 Turnover by greendr01 (bad pass) 36-49,7:10.0
161,turnover,,,36.0,49.0,,,,,,,,,,,,,,,,,buzelma01,out of bounds lost ball,,,,,,,,,,,,,,6:50.0 36-49 Turnover by buzelma01 (out of bounds lost ball),6:50.0
162,fg_miss,,,36.0,49.0,,paytoga02,2.0,layup,3.0,,,,,,,,,,,,,,,,,,,,,,,,,,,6:45.0 paytoga02 misses 2-pt layup from 3 ft 36-49,6:45.0
163,rebound,,,36.0,49.0,,,,,,,,,,,defensive,smithja04,False,,,,,,,,,,,,,,,,,,,6:42.0 36-49 Defensive rebound by smithja04,6:42.0
164,fg_miss,,,36.0,49.0,,buzelma01,2.0,layup,6.0,,curryst01,,,,,,,,,,,,,,,,,,,,,,,,,6:37.0 36-49 buzelma01 misses 2-pt layup from 6 ft (block by curryst01 ),6:37.0
165,rebound,,,36.0,49.0,,,,,,,,,,,defensive,,True,,,,,,,,,,,,,,,,,,,6:34.0 Defensive rebound by Team 36-49,6:34.0
166,foul,,,36.0,49.0,,,,,,,,,,,,,,loose ball,buzelma01,curryst01,,,,,,,,,,,,,,,,6:34.0 36-49 Loose ball foul by buzelma01 (drawn by curryst01 ),6:34.0
167,turnover,,,36.0,49.0,,,,,,,,,,,,,,,,,curryst01,step out of bounds,,,,,,,,,,,,,,6:19.0 Turnover by curryst01 (step out of bounds) 36-49,6:19.0
168,fg_make,,,36.0,51.0,2.0,buzelma01,2.0,layup,4.0,,,,,,,,,,,,,,,,,,,,,,,,,,,6:05.0 36-51 +2 buzelma01 makes 2-pt layup from 4 ft,6:05.0
169,foul,,,36.0,51.0,,,,,,,,,,,,,,offensive,greendr01,buzelma01,,,,,,,,,,,,,,,,5:51.0 Offensive foul by greendr01 (drawn by buzelma01 ) 36-51,5:51.0
170,turnover,,,36.0,51.0,,,,,,,,,,,,,,,,,greendr01,offensive foul,,,,,,,,,,,,,,5:51.0 Turnover by greendr01 (offensive foul) 36-51,5:51.0
171,substitution,,,36.0,51.0,,,,,,,,,,,,,,,,,,,,,,,,,,,,,,,,5:51.0 butleji01 enters the game for postqu01 36-51,5:51.0
172,substitution,,,36.0,51.0,,,,,,,,,,,,,,,,,,,,,,,,,,,,,,,,5:51.0 36-51 vucevni01 enters the game for smithja04,5:51.0
173,fg_miss,,,36.0,51.0,,vucevni01,3.0,jump shot,27.0,,,,,,,,,,,,,,,,,,,,,,,,,,,5:38.0 36-51 vucevni01 misses 3-pt jump shot from 27 ft,5:38.0
174,rebound,,,36.0,51.0,,,,,,,,,,,offensive,huertke01,False,,,,,,,,,,,,,,,,,,,5:36.0 36-51 Offensive rebound by huertke01,5:36.0
175,fg_miss,,,36.0,51.0,,huertke01,2.0,layup,3.0,,,,,,,,,,,,,,,,,,,,,,,,,,,5:36.0 36-51 huertke01 misses 2-pt layup from 3 ft,5:36.0
176,rebound,,,36.0,51.0,,,,,,,,,,,defensive,paytoga02,False,,,,,,,,,,,,,,,,,,,5:34.0 Defensive rebound by paytoga02 36-51,5:34.0
177,turnover,,,36.0,51.0,,,,,,,,,,,,,,,,,paytoga02,bad pass; steal by buzelma01,buzelma01,,,,,,,,,,,,,5:28.0 Turnover by paytoga02 (bad pass; steal by buzelma01 ) 36-51,5:28.0
178,fg_make,,,36.0,53.0,2.0,buzelma01,2.0,layup,8.0,,,,,,,,,,,,,,,,,,,,,,,,,,,5:24.0 36-53 +2 buzelma01 makes 2-pt layup from 8 ft,5:24.0
179,foul,,,36.0,53.0,,,,,,,,,,,,,,shooting,vucevni01,curryst01,,,,,,,,,,,,,,,,5:15.0 Shooting foul by vucevni01 (drawn by curryst01 ) 36-53,5:15.0
180,free_throw,,,36.0,53.0,,curryst01,,,,,,misses,1.0,2.0,,,,,,,,,,,,,,,,,,,,,,5:15.0 curryst01 misses free throw 1 of 2 36-53,5:15.0
181,rebound,,,36.0,53.0,,,,,,,,,,,offensive,,True,,,,,,,,,,,,,,,,,,,5:15.0 Offensive rebound by Team 36-53,5:15.0
182,substitution,,,36.0,53.0,,,,,,,,,,,,,,,,,,,,,,,,,,,,,,,,5:15.0 hieldbu01 enters the game for paytoga02 36-53,5:15.0
183,substitution,,,36.0,53.0,,,,,,,,,,,,,,,,,,,,,,,,,,,,,,,,5:15.0 36-53 whiteco01 enters the game for huertke01,5:15.0
184,free_throw,,,37.0,53.0,1.0,curryst01,,,,,,makes,2.0,2.0,,,,,,,,,,,,,,,,,,,,,,5:15.0 curryst01 makes free throw 2 of 2 +1 37-53,5:15.0
185,turnover,,,37.0,53.0,,,,,,,,,,,,,,,,,vucevni01,lost ball; steal by hieldbu01,hieldbu01,,,,,,,,,,,,,5:03.0 37-53 Turnover by vucevni01 (lost ball; steal by hieldbu01 ),5:03.0
186,fg_make,,,40.0,53.0,3.0,curryst01,3.0,jump shot,26.0,,,,,,,,,,,,,,,,,,,,,,,,,,,4:50.0 curryst01 makes 3-pt jump shot from 26 ft +3 40-53,4:50.0
187,fg_make,,,40.0,55.0,2.0,giddejo01,2.0,layup,7.0,,,,,,,,,,,,,,,,,,,,,,,,,,,4:41.0 40-55 +2 giddejo01 makes 2-pt layup from 7 ft,4:41.0
188,fg_make,,,42.0,55.0,2.0,podzibr01,2.0,layup,2.0,curryst01,,,,,,,,,,,,,,,,,,,,,,,,,,4:23.0 podzibr01 makes 2-pt layup from 2 ft (assist by curryst01 ) +2 42-55,4:23.0
189,turnover,,,42.0,55.0,,,,,,,,,,,,,,,,,dosunay01,out of bounds lost ball,,,,,,,,,,,,,,4:16.0 42-55 Turnover by dosunay01 (out of bounds lost ball),4:16.0
190,fg_make,,,44.0,55.0,2.0,greendr01,2.0,layup,1.0,curryst01,,,,,,,,,,,,,,,,,,,,,,,,,,4:07.0 greendr01 makes 2-pt layup from 1 ft (assist by curryst01 ) +2 44-55,4:07.0
191,timeout,,,44.0,55.0,,,,,,,,,,,,,,,,,,,,,,,,,,,,Chicago full,,,,4:07.0 44-55 Chicago full timeout,4:07.0
192,substitution,,,44.0,55.0,,,,,,,,,,,,,,,,,,,,,,,,,,,,,,,,4:07.0 44-55 willipa01 enters the game for giddejo01,4:07.0
193,foul,,,44.0,55.0,,,,,,,,,,,,,,shooting,curryst01,vucevni01,,,,,,,,,,,,,,,,3:47.0 44-55 Shooting foul by curryst01 (drawn by vucevni01 ),3:47.0
194,free_throw,,,44.0,56.0,1.0,vucevni01,,,,,,makes,1.0,2.0,,,,,,,,,,,,,,,,,,,,,,3:47.0 44-56 +1 vucevni01 makes free throw 1 of 2,3:47.0
195,free_throw,,,44.0,57.0,1.0,vucevni01,,,,,,makes,2.0,2.0,,,,,,,,,,,,,,,,,,,,,,3:47.0 44-57 +1 vucevni01 makes free throw 2 of 2,3:47.0
196,fg_make,,,47.0,57.0,3.0,hieldbu01,3.0,jump shot,26.0,greendr01,,,,,,,,,,,,,,,,,,,,,,,,,,3:35.0 hieldbu01 makes 3-pt jump shot from 26 ft (assist by greendr01 ) +3 47-57,3:35.0
197,fg_make,,,47.0,60.0,3.0,dosunay01,3.0,jump shot,28.0,,,,,,,,,,,,,,,,,,,,,,,,,,,3:16.0 47-60 +3 dosunay01 makes 3-pt jump shot from 28 ft,3:16.0
198,fg_make,,,49.0,60.0,2.0,butleji01,2.0,layup,3.0,podzibr01,,,,,,,,,,,,,,,,,,,,,,,,,,3:05.0 butleji01 makes 2-pt layup from 3 ft (assist by podzibr01 ) +2 49-60,3:05.0
199,foul,,,49.0,60.0,,,,,,,,,,,,,,shooting,buzelma01,butleji01,,,,,,,,,,,,,,,,3:05.0 Shooting foul by buzelma01 (drawn by butleji01 ) 49-60,3:05.0
200,substitution,,,49.0,60.0,,,,,,,,,,,,,,,,,,,,,,,,,,,,,,,,3:05.0 49-60 giddejo01 enters the game for buzelma01,3:05.0
201,free_throw,,,50.0,60.0,1.0,butleji01,,,,,,makes,1.0,1.0,,,,,,,,,,,,,,,,,,,,,,3:05.0 butleji01 makes free throw 1 of 1 +1 50-60,3:05.0
202,timeout,,,50.0,60.0,,,,,,,,,,,,,,,,,,,,,,,,,,,,Chicago full,,,,2:53.0 50-60 Chicago full timeout,2:53.0
203,fg_make,,,50.0,62.0,2.0,vucevni01,2.0,jump shot,19.0,whiteco01,,,,,,,,,,,,,,,,,,,,,,,,,,2:43.0 50-62 +2 vucevni01 makes 2-pt jump shot from 19 ft (assist by whiteco01 ),2:43.0
204,fg_miss,,,50.0,62.0,,hieldbu01,3.0,jump shot,26.0,,,,,,,,,,,,,,,,,,,,,,,,,,,2:28.0 hieldbu01 misses 3-pt jump shot from 26 ft 50-62,2:28.0
205,rebound,,,50.0,62.0,,,,,,,,,,,defensive,whiteco01,False,,,,,,,,,,,,,,,,,,,2:26.0 50-62 Defensive rebound by whiteco01,2:26.0
206,foul,,,50.0,62.0,,,,,,,,,,,,,,shooting,greendr01,whiteco01,,,,,,,,,,,,,,,,2:21.0 50-62 Shooting foul by greendr01 (drawn by whiteco01 ),2:21.0
207,free_throw,,,50.0,63.0,1.0,whiteco01,,,,,,makes,1.0,2.0,,,,,,,,,,,,,,,,,,,,,,2:21.0 50-63 +1 whiteco01 makes free throw 1 of 2,2:21.0
208,free_throw,,,50.0,64.0,1.0,whiteco01,,,,,,makes,2.0,2.0,,,,,,,,,,,,,,,,,,,,,,2:21.0 50-64 +1 whiteco01 makes free throw 2 of 2,2:21.0
209,fg_make,,,53.0,64.0,3.0,hieldbu01,3.0,jump shot,26.0,butleji01,,,,,,,,,,,,,,,,,,,,,,,,,,2:08.0 hieldbu01 makes 3-pt jump shot from 26 ft (assist by butleji01 ) +3 53-64,2:08.0
210,foul,,,53.0,64.0,,,,,,,,,,,,,,shooting,butleji01,willipa01,,,,,,,,,,,,,,,,1:56.0 53-64 Shooting foul by butleji01 (drawn by willipa01 ),1:56.0
211,free_throw,,,53.0,65.0,1.0,willipa01,,,,,,makes,1.0,2.0,,,,,,,,,,,,,,,,,,,,,,1:56.0 53-65 +1 willipa01 makes free throw 1 of 2,1:56.0
212,free_throw,,,53.0,66.0,1.0,willipa01,,,,,,makes,2.0,2.0,,,,,,,,,,,,,,,,,,,,,,1:56.0 53-66 +1 willipa01 makes free throw 2 of 2,1:56.0
213,fg_miss,,,53.0,66.0,,curryst01,3.0,jump shot,26.0,,,,,,,,,,,,,,,,,,,,,,,,,,,1:37.0 curryst01 misses 3-pt jump shot from 26 ft 53-66,1:37.0
214,rebound,,,53.0,66.0,,,,,,,,,,,defensive,willipa01,False,,,,,,,,,,,,,,,,,,,1:30.0 53-66 Defensive rebound by willipa01,1:30.0
215,jump_ball,,,,,,,,,,,,,,,,,,,,,,,,,,,,,,,,,,,,1:29.0 Jump ball: willipa01 vs. podzibr01 ( giddejo01 gains possession),1:29.0
216,fg_make,,,53.0,69.0,3.0,whiteco01,3.0,jump shot,27.0,,,,,,,,,,,,,,,,,,,,,,,,,,,1:15.0 53-69 +3 whiteco01 makes 3-pt jump shot from 27 ft,1:15.0
217,fg_miss,,,53.0,69.0,,hieldbu01,3.0,jump shot,27.0,,,,,,,,,,,,,,,,,,,,,,,,,,,0:55.0 hieldbu01 misses 3-pt jump shot from 27 ft 53-69,0:55.0
218,rebound,,,53.0,69.0,,,,,,,,,,,defensive,giddejo01,False,,,,,,,,,,,,,,,,,,,0:49.0 53-69 Defensive rebound by giddejo01,0:49.0
219,fg_miss,,,53.0,69.0,,giddejo01,2.0,layup,8.0,,,,,,,,,,,,,,,,,,,,,,,,,,,0:44.0 53-69 giddejo01 misses 2-pt layup from 8 ft,0:44.0
220,rebound,,,53.0,69.0,,,,,,,,,,,defensive,,True,,,,,,,,,,,,,,,,,,,0:41.0 Defensive rebound by Team 53-69,0:41.0
221,foul,,,53.0,69.0,,,,,,,,,,,,,,shooting,vucevni01,greendr01,,,,,,,,,,,,,,,,0:36.0 Shooting foul by vucevni01 (drawn by greendr01 ) 53-69,0:36.0
222,timeout,,,53.0,69.0,,,,,,,,,,,,,,,,,,,,,,,,,,,,Chicago full,,,,0:36.0 53-69 Chicago full timeout,0:36.0
223,instant_replay,,,53.0,69.0,,,,,,,,,,,,,,,,,,,,,,,,,,,,,,,,0:36.0 53-69 Instant Replay (Challenge: Ruling Stands),0:36.0
224,substitution,,,53.0,69.0,,,,,,,,,,,,,,,,,,,,,,,,,,,,,,,,0:36.0 paytoga02 enters the game for hieldbu01 53-69,0:36.0
225,free_throw,,,54.0,69.0,1.0,greendr01,,,,,,makes,1.0,2.0,,,,,,,,,,,,,,,,,,,,,,0:36.0 greendr01 makes free throw 1 of 2 +1 54-69,0:36.0
226,free_throw,,,55.0,69.0,1.0,greendr01,,,,,,makes,2.0,2.0,,,,,,,,,,,,,,,,,,,,,,0:36.0 greendr01 makes free throw 2 of 2 +1 55-69,0:36.0
227,turnover,,,55.0,69.0,,,,,,,,,,,,,,,,,dosunay01,traveling,,,,,,,,,,,,,,0:24.0 55-69 Turnover by dosunay01 (traveling),0:24.0
228,substitution,,,55.0,69.0,,,,,,,,,,,,,,,,,,,,,,,,,,,,,,,,0:24.0 hieldbu01 enters the game for paytoga02 55-69,0:24.0
229,fg_miss,,,55.0,69.0,,butleji01,2.0,layup,4.0,,giddejo01,,,,,,,,,,,,,,,,,,,,,,,,,0:01.0 butleji01 misses 2-pt layup from 4 ft (block by giddejo01 ) 55-69,0:01.0
230,rebound,,,55.0,69.0,,,,,,,,,,,defensive,dosunay01,False,,,,,,,,,,,,,,,,,,,0:00.0 55-69 Defensive rebound by dosunay01,0:00.0
231,period_end,,,,,,,,,,,,,,,,,,,,,,,,,,,,,,,,,quarter,2.0,,0:00.0 End of 2nd quarter,0:00.0
232,period_start,,,,,,,,,,,,,,,,,,,,,,,,,,,,,,,,,quarter,3.0,,12:00.0 Start of 3rd quarter,12:00.0
233,fg_miss,,,55.0,69.0,,vucevni01,2.0,jump shot,10.0,,,,,,,,,,,,,,,,,,,,,,,,,,,11:53.0 55-69 vucevni01 misses 2-pt jump shot from 10 ft,11:53.0
234,rebound,,,55.0,69.0,,,,,,,,,,,defensive,postqu01,False,,,,,,,,,,,,,,,,,,,11:52.0 Defensive rebound by postqu01 55-69,11:52.0
235,turnover,,,55.0,69.0,,,,,,,,,,,,,,,,,butleji01,lost ball; steal by vucevni01,vucevni01,,,,,,,,,,,,,11:37.0 Turnover by butleji01 (lost ball; steal by vucevni01 ) 55-69,11:37.0
236,fg_make,,,55.0,72.0,3.0,whiteco01,3.0,jump shot,24.0,buzelma01,,,,,,,,,,,,,,,,,,,,,,,,,,11:29.0 55-72 +3 whiteco01 makes 3-pt jump shot from 24 ft (assist by buzelma01 ),11:29.0
237,fg_miss,,,55.0,72.0,,postqu01,3.0,jump shot,23.0,,,,,,,,,,,,,,,,,,,,,,,,,,,11:15.0 postqu01 misses 3-pt jump shot from 23 ft 55-72,11:15.0
238,rebound,,,55.0,72.0,,,,,,,,,,,defensive,buzelma01,False,,,,,,,,,,,,,,,,,,,11:13.0 55-72 Defensive rebound by buzelma01,11:13.0
239,turnover,,,55.0,72.0,,,,,,,,,,,,,,,,,buzelma01,bad pass,,,,,,,,,,,,,,10:59.0 55-72 Turnover by buzelma01 (bad pass),10:59.0
240,turnover,,,55.0,72.0,,,,,,,,,,,,,,,,,curryst01,out of bounds lost ball,,,,,,,,,,,,,,10:39.0 Turnover by curryst01 (out of bounds lost ball) 55-72,10:39.0
241,timeout,,,55.0,72.0,,,,,,,,,,,,,,,,,,,,,,,,,,,,Golden State full,,,,10:39.0 Golden State full timeout 55-72,10:39.0
242,instant_replay,,,55.0,72.0,,,,,,,,,,,,,,,,,,,,,,,,,,,,,,,,10:39.0 Instant Replay (Challenge: Ruling Stands) 55-72,10:39.0
243,fg_make,,,55.0,74.0,2.0,vucevni01,2.0,hook shot,11.0,,,,,,,,,,,,,,,,,,,,,,,,,,,10:25.0 55-74 +2 vucevni01 makes 2-pt hook shot from 11 ft,10:25.0
244,turnover,,,55.0,74.0,,,,,,,,,,,,,,,,,postqu01,traveling,,,,,,,,,,,,,,10:04.0 Turnover by postqu01 (traveling) 55-74,10:04.0
245,turnover,,,55.0,74.0,,,,,,,,,,,,,,,,,giddejo01,bad pass; steal by butleji01,butleji01,,,,,,,,,,,,,9:52.0 55-74 Turnover by giddejo01 (bad pass; steal by butleji01 ),9:52.0
246,fg_miss,,,55.0,74.0,,curryst01,3.0,jump shot,27.0,,,,,,,,,,,,,,,,,,,,,,,,,,,9:42.0 curryst01 misses 3-pt jump shot from 27 ft 55-74,9:42.0
247,rebound,,,55.0,74.0,,,,,,,,,,,defensive,buzelma01,False,,,,,,,,,,,,,,,,,,,9:39.0 55-74 Defensive rebound by buzelma01,9:39.0
248,fg_make,,,55.0,77.0,3.0,whiteco01,3.0,jump shot,32.0,buzelma01,,,,,,,,,,,,,,,,,,,,,,,,,,9:34.0 55-77 +3 whiteco01 makes 3-pt jump shot from 32 ft (assist by buzelma01 ),9:34.0
249,foul,,,55.0,77.0,,,,,,,,,,,,,,shooting,dosunay01,curryst01,,,,,,,,,,,,,,,,9:24.0 Shooting foul by dosunay01 (drawn by curryst01 ) 55-77,9:24.0
250,free_throw,,,56.0,77.0,1.0,curryst01,,,,,,makes,1.0,2.0,,,,,,,,,,,,,,,,,,,,,,9:24.0 curryst01 makes free throw 1 of 2 +1 56-77,9:24.0
251,substitution,,,56.0,77.0,,,,,,,,,,,,,,,,,,,,,,,,,,,,,,,,9:24.0 moodymo01 enters the game for postqu01 56-77,9:24.0
252,free_throw,,,57.0,77.0,1.0,curryst01,,,,,,makes,2.0,2.0,,,,,,,,,,,,,,,,,,,,,,9:24.0 curryst01 makes free throw 2 of 2 +1 57-77,9:24.0
253,fg_make,,,57.0,80.0,3.0,whiteco01,3.0,jump shot,33.0,buzelma01,,,,,,,,,,,,,,,,,,,,,,,,,,9:07.0 57-80 +3 whiteco01 makes 3-pt jump shot from 33 ft (assist by buzelma01 ),9:07.0
254,foul,,,57.0,80.0,,,,,,,,,,,,,,shooting,vucevni01,greendr01,,,,,,,,,,,,,,,,8:54.0 Shooting foul by vucevni01 (drawn by greendr01 ) 57-80,8:54.0
255,free_throw,,,58.0,80.0,1.0,greendr01,,,,,,makes,1.0,2.0,,,,,,,,,,,,,,,,,,,,,,8:54.0 greendr01 makes free throw 1 of 2 +1 58-80,8:54.0
256,free_throw,,,59.0,80.0,1.0,greendr01,,,,,,makes,2.0,2.0,,,,,,,,,,,,,,,,,,,,,,8:54.0 greendr01 makes free throw 2 of 2 +1 59-80,8:54.0
257,fg_make,,,59.0,83.0,3.0,giddejo01,3.0,jump shot,27.0,buzelma01,,,,,,,,,,,,,,,,,,,,,,,,,,8:30.0 59-83 +3 giddejo01 makes 3-pt jump shot from 27 ft (assist by buzelma01 ),8:30.0
258,foul,,,59.0,83.0,,,,,,,,,,,,,,shooting,buzelma01,butleji01,,,,,,,,,,,,,,,,8:23.0 Shooting foul by buzelma01 (drawn by butleji01 ) 59-83,8:23.0
259,free_throw,,,60.0,83.0,1.0,butleji01,,,,,,makes,1.0,2.0,,,,,,,,,,,,,,,,,,,,,,8:23.0 butleji01 makes free throw 1 of 2 +1 60-83,8:23.0
260,free_throw,,,61.0,83.0,1.0,butleji01,,,,,,makes,2.0,2.0,,,,,,,,,,,,,,,,,,,,,,8:23.0 butleji01 makes free throw 2 of 2 +1 61-83,8:23.0
261,fg_miss,,,61.0,83.0,,whiteco01,3.0,jump shot,28.0,,,,,,,,,,,,,,,,,,,,,,,,,,,8:12.0 61-83 whiteco01 misses 3-pt jump shot from 28 ft,8:12.0
262,rebound,,,61.0,83.0,,,,,,,,,,,defensive,,True,,,,,,,,,,,,,,,,,,,8:08.0 Defensive rebound by Team 61-83,8:08.0
263,fg_make,,,64.0,83.0,3.0,curryst01,3.0,jump shot,30.0,moodymo01,,,,,,,,,,,,,,,,,,,,,,,,,,7:54.0 curryst01 makes 3-pt jump shot from 30 ft (assist by moodymo01 ) +3 64-83,7:54.0
264,fg_miss,,,64.0,83.0,,giddejo01,2.0,jump shot,8.0,,,,,,,,,,,,,,,,,,,,,,,,,,,7:42.0 64-83 giddejo01 misses 2-pt jump shot from 8 ft,7:42.0
265,rebound,,,64.0,83.0,,,,,,,,,,,defensive,greendr01,False,,,,,,,,,,,,,,,,,,,7:40.0 Defensive rebound by greendr01 64-83,7:40.0
266,fg_make,,,67.0,83.0,3.0,curryst01,3.0,jump shot,27.0,greendr01,,,,,,,,,,,,,,,,,,,,,,,,,,7:29.0 curryst01 makes 3-pt jump shot from 27 ft (assist by greendr01 ) +3 67-83,7:29.0
267,foul,,,67.0,83.0,,,,,,,,,,,,,,shooting,dosunay01,curryst01,,,,,,,,,,,,,,,,7:29.0 Shooting foul by dosunay01 (drawn by curryst01 ) 67-83,7:29.0
268,substitution,,,67.0,83.0,,,,,,,,,,,,,,,,,,,,,,,,,,,,,,,,7:29.0 67-83 willipa01 enters the game for giddejo01,7:29.0
269,free_throw,,,68.0,83.0,1.0,curryst01,,,,,,makes,1.0,1.0,,,,,,,,,,,,,,,,,,,,,,7:29.0 curryst01 makes free throw 1 of 1 +1 68-83,7:29.0
270,turnover,,,68.0,83.0,,,,,,,,,,,,,,,,,dosunay01,back court,,,,,,,,,,,,,,7:15.0 68-83 Turnover by dosunay01 (back court),7:15.0
271,fg_make,,,71.0,83.0,3.0,hieldbu01,3.0,jump shot,26.0,greendr01,,,,,,,,,,,,,,,,,,,,,,,,,,7:08.0 hieldbu01 makes 3-pt jump shot from 26 ft (assist by greendr01 ) +3 71-83,7:08.0
272,timeout,,,71.0,83.0,,,,,,,,,,,,,,,,,,,,,,,,,,,,Chicago full,,,,7:06.0 71-83 Chicago full timeout,7:06.0
273,fg_make,,,71.0,85.0,2.0,dosunay01,2.0,layup,7.0,,,,,,,,,,,,,,,,,,,,,,,,,,,6:51.0 71-85 +2 dosunay01 makes 2-pt layup from 7 ft,6:51.0
274,turnover,,,71.0,85.0,,,,,,,,,,,,,,,,,curryst01,bad pass; steal by vucevni01,vucevni01,,,,,,,,,,,,,6:43.0 Turnover by curryst01 (bad pass; steal by vucevni01 ) 71-85,6:43.0
275,fg_make,,,71.0,87.0,2.0,buzelma01,2.0,dunk,6.0,whiteco01,,,,,,,,,,,,,,,,,,,,,,,,,,6:34.0 71-87 +2 buzelma01 makes 2-pt dunk from 6 ft (assist by whiteco01 ),6:34.0
276,foul,,,71.0,87.0,,,,,,,,,,,,,,personal,vucevni01,curryst01,,,,,,,,,,,,,,,,6:21.0 Personal foul by vucevni01 (drawn by curryst01 ) 71-87,6:21.0
277,free_throw,,,72.0,87.0,1.0,curryst01,,,,,,makes,1.0,2.0,,,,,,,,,,,,,,,,,,,,,,6:21.0 curryst01 makes free throw 1 of 2 +1 72-87,6:21.0
278,free_throw,,,73.0,87.0,1.0,curryst01,,,,,,makes,2.0,2.0,,,,,,,,,,,,,,,,,,,,,,6:21.0 curryst01 makes free throw 2 of 2 +1 73-87,6:21.0
279,substitution,,,73.0,87.0,,,,,,,,,,,,,,,,,,,,,,,,,,,,,,,,6:21.0 73-87 smithja04 enters the game for vucevni01,6:21.0
280,turnover,,,73.0,87.0,,,,,,,,,,,,,,,,,whiteco01,bad pass; steal by hieldbu01,hieldbu01,,,,,,,,,,,,,6:05.0 73-87 Turnover by whiteco01 (bad pass; steal by hieldbu01 ),6:05.0
281,foul,,,73.0,87.0,,,,,,,,,,,,,,personal,dosunay01,butleji01,,,,,,,,,,,,,,,,5:52.0 Personal foul by dosunay01 (drawn by butleji01 ) 73-87,5:52.0
282,substitution,,,73.0,87.0,,,,,,,,,,,,,,,,,,,,,,,,,,,,,,,,5:52.0 73-87 huertke01 enters the game for dosunay01,5:52.0
283,substitution,,,73.0,87.0,,,,,,,,,,,,,,,,,,,,,,,,,,,,,,,,5:52.0 73-87 jonestr01 enters the game for whiteco01,5:52.0
284,free_throw,,,74.0,87.0,1.0,butleji01,,,,,,makes,1.0,2.0,,,,,,,,,,,,,,,,,,,,,,5:52.0 butleji01 makes free throw 1 of 2 +1 74-87,5:52.0
285,free_throw,,,74.0,87.0,,butleji01,,,,,,misses,2.0,2.0,,,,,,,,,,,,,,,,,,,,,,5:52.0 butleji01 misses free throw 2 of 2 74-87,5:52.0
286,rebound,,,74.0,87.0,,,,,,,,,,,offensive,greendr01,False,,,,,,,,,,,,,,,,,,,5:51.0 Offensive rebound by greendr01 74-87,5:51.0
287,fg_make,,,76.0,87.0,2.0,butleji01,2.0,layup,3.0,curryst01,,,,,,,,,,,,,,,,,,,,,,,,,,5:41.0 butleji01 makes 2-pt layup from 3 ft (assist by curryst01 ) +2 76-87,5:41.0
288,foul,,,76.0,87.0,,,,,,,,,,,,,,shooting,moodymo01,smithja04,,,,,,,,,,,,,,,,5:20.0 76-87 Shooting foul by moodymo01 (drawn by smithja04 ),5:20.0
289,substitution,,,76.0,87.0,,,,,,,,,,,,,,,,,,,,,,,,,,,,,,,,5:20.0 podzibr01 enters the game for butleji01 76-87,5:20.0
290,substitution,,,76.0,87.0,,,,,,,,,,,,,,,,,,,,,,,,,,,,,,,,5:20.0 santogu01 enters the game for hieldbu01 76-87,5:20.0
291,free_throw,,,76.0,88.0,1.0,smithja04,,,,,,makes,1.0,2.0,,,,,,,,,,,,,,,,,,,,,,5:20.0 76-88 +1 smithja04 makes free throw 1 of 2,5:20.0
292,free_throw,,,76.0,88.0,,smithja04,,,,,,misses,2.0,2.0,,,,,,,,,,,,,,,,,,,,,,5:20.0 76-88 smithja04 misses free throw 2 of 2,5:20.0
293,rebound,,,76.0,88.0,,,,,,,,,,,defensive,greendr01,False,,,,,,,,,,,,,,,,,,,5:19.0 Defensive rebound by greendr01 76-88,5:19.0
294,fg_miss,,,76.0,88.0,,greendr01,3.0,jump shot,24.0,,,,,,,,,,,,,,,,,,,,,,,,,,,5:03.0 greendr01 misses 3-pt jump shot from 24 ft 76-88,5:03.0
295,rebound,,,76.0,88.0,,,,,,,,,,,offensive,santogu01,False,,,,,,,,,,,,,,,,,,,5:01.0 Offensive rebound by santogu01 76-88,5:01.0
296,fg_make,,,78.0,88.0,2.0,santogu01,2.0,layup,3.0,,,,,,,,,,,,,,,,,,,,,,,,,,,4:59.0 santogu01 makes 2-pt layup from 3 ft +2 78-88,4:59.0
297,foul,,,78.0,88.0,,,,,,,,,,,,,,shooting,santogu01,buzelma01,,,,,,,,,,,,,,,,4:40.0 78-88 Shooting foul by santogu01 (drawn by buzelma01 ),4:40.0
298,free_throw,,,78.0,88.0,,buzelma01,,,,,,misses,1.0,2.0,,,,,,,,,,,,,,,,,,,,,,4:40.0 78-88 buzelma01 misses free throw 1 of 2,4:40.0
299,rebound,,,78.0,88.0,,,,,,,,,,,offensive,,True,,,,,,,,,,,,,,,,,,,4:40.0 78-88 Offensive rebound by Team,4:40.0
300,free_throw,,,78.0,89.0,1.0,buzelma01,,,,,,makes,2.0,2.0,,,,,,,,,,,,,,,,,,,,,,4:40.0 78-89 +1 buzelma01 makes free throw 2 of 2,4:40.0
301,fg_miss,,,78.0,89.0,,moodymo01,3.0,jump shot,26.0,,,,,,,,,,,,,,,,,,,,,,,,,,,4:23.0 moodymo01 misses 3-pt jump shot from 26 ft 78-89,4:23.0
302,rebound,,,78.0,89.0,,,,,,,,,,,offensive,santogu01,False,,,,,,,,,,,,,,,,,,,4:19.0 Offensive rebound by santogu01 78-89,4:19.0
303,fg_miss,,,78.0,89.0,,curryst01,3.0,jump shot,28.0,,,,,,,,,,,,,,,,,,,,,,,,,,,4:17.0 curryst01 misses 3-pt jump shot from 28 ft 78-89,4:17.0
304,rebound,,,78.0,89.0,,,,,,,,,,,offensive,santogu01,False,,,,,,,,,,,,,,,,,,,4:15.0 Offensive rebound by santogu01 78-89,4:15.0
305,fg_make,,,80.0,89.0,2.0,podzibr01,2.0,layup,5.0,,,,,,,,,,,,,,,,,,,,,,,,,,,4:08.0 podzibr01 makes 2-pt layup from 5 ft +2 80-89,4:08.0
306,fg_miss,,,80.0,89.0,,huertke01,3.0,jump shot,25.0,,greendr01,,,,,,,,,,,,,,,,,,,,,,,,,4:03.0 80-89 huertke01 misses 3-pt jump shot from 25 ft (block by greendr01 ),4:03.0
307,rebound,,,80.0,89.0,,,,,,,,,,,defensive,santogu01,False,,,,,,,,,,,,,,,,,,,4:01.0 Defensive rebound by santogu01 80-89,4:01.0
308,violation,,,80.0,89.0,,,,,,,,,,,,,,,,,,,,Violation,Team,kicked ball,,,,,,,,,,3:58.0 80-89 Violation by Team (kicked ball),3:58.0
309,substitution,,,80.0,89.0,,,,,,,,,,,,,,,,,,,,,,,,,,,,,,,,3:58.0 looneke01 enters the game for greendr01 80-89,3:58.0
310,substitution,,,80.0,89.0,,,,,,,,,,,,,,,,,,,,,,,,,,,,,,,,3:58.0 80-89 giddejo01 enters the game for buzelma01,3:58.0
311,fg_make,,,82.0,89.0,2.0,moodymo01,2.0,jump shot,9.0,curryst01,,,,,,,,,,,,,,,,,,,,,,,,,,3:47.0 moodymo01 makes 2-pt jump shot from 9 ft (assist by curryst01 ) +2 82-89,3:47.0
312,fg_miss,,,82.0,89.0,,jonestr01,2.0,layup,9.0,,,,,,,,,,,,,,,,,,,,,,,,,,,3:39.0 82-89 jonestr01 misses 2-pt layup from 9 ft,3:39.0
313,rebound,,,82.0,89.0,,,,,,,,,,,offensive,giddejo01,False,,,,,,,,,,,,,,,,,,,3:37.0 82-89 Offensive rebound by giddejo01,3:37.0
314,foul,,,82.0,89.0,,,,,,,,,,,,,,shooting,looneke01,giddejo01,,,,,,,,,,,,,,,,3:37.0 82-89 Shooting foul by looneke01 (drawn by giddejo01 ),3:37.0
315,free_throw,,,82.0,90.0,1.0,giddejo01,,,,,,makes,1.0,2.0,,,,,,,,,,,,,,,,,,,,,,3:37.0 82-90 +1 giddejo01 makes free throw 1 of 2,3:37.0
316,free_throw,,,82.0,91.0,1.0,giddejo01,,,,,,makes,2.0,2.0,,,,,,,,,,,,,,,,,,,,,,3:37.0 82-91 +1 giddejo01 makes free throw 2 of 2,3:37.0
317,fg_make,,,85.0,91.0,3.0,curryst01,3.0,jump shot,28.0,podzibr01,,,,,,,,,,,,,,,,,,,,,,,,,,3:13.0 curryst01 makes 3-pt jump shot from 28 ft (assist by podzibr01 ) +3 85-91,3:13.0
318,turnover,,,85.0,91.0,,,,,,,,,,,,,,,,,willipa01,lost ball; steal by podzibr01,podzibr01,,,,,,,,,,,,,2:58.0 85-91 Turnover by willipa01 (lost ball; steal by podzibr01 ),2:58.0
319,fg_make,,,87.0,91.0,2.0,curryst01,2.0,layup,10.0,,,,,,,,,,,,,,,,,,,,,,,,,,,2:46.0 curryst01 makes 2-pt layup from 10 ft +2 87-91,2:46.0
320,violation,,,87.0,91.0,,,,,,,,,,,,,,,,,,,,Violation,Team,kicked ball,,,,,,,,,,2:39.0 Violation by Team (kicked ball) 87-91,2:39.0
321,substitution,,,87.0,91.0,,,,,,,,,,,,,,,,,,,,,,,,,,,,,,,,2:39.0 87-91 whiteco01 enters the game for willipa01,2:39.0
322,foul,,,87.0,91.0,,,,,,,,,,,,,,shooting,santogu01,giddejo01,,,,,,,,,,,,,,,,2:23.0 87-91 Shooting foul by santogu01 (drawn by giddejo01 ),2:23.0
323,free_throw,,,87.0,91.0,,giddejo01,,,,,,misses,1.0,2.0,,,,,,,,,,,,,,,,,,,,,,2:23.0 87-91 giddejo01 misses free throw 1 of 2,2:23.0
324,rebound,,,87.0,91.0,,,,,,,,,,,offensive,,True,,,,,,,,,,,,,,,,,,,2:23.0 87-91 Offensive rebound by Team,2:23.0
325,free_throw,,,87.0,92.0,1.0,giddejo01,,,,,,makes,2.0,2.0,,,,,,,,,,,,,,,,,,,,,,2:23.0 87-92 +1 giddejo01 makes free throw 2 of 2,2:23.0
326,fg_make,,,90.0,92.0,3.0,curryst01,3.0,jump shot,26.0,,,,,,,,,,,,,,,,,,,,,,,,,,,2:08.0 curryst01 makes 3-pt jump shot from 26 ft +3 90-92,2:08.0
327,foul,,,90.0,92.0,,,,,,,,,,,,,,shooting,moodymo01,huertke01,,,,,,,,,,,,,,,,1:59.0 90-92 Shooting foul by moodymo01 (drawn by huertke01 ),1:59.0
328,free_throw,,,90.0,92.0,,huertke01,,,,,,misses,1.0,2.0,,,,,,,,,,,,,,,,,,,,,,1:59.0 90-92 huertke01 misses free throw 1 of 2,1:59.0
329,rebound,,,90.0,92.0,,,,,,,,,,,offensive,,True,,,,,,,,,,,,,,,,,,,1:59.0 90-92 Offensive rebound by Team,1:59.0
330,free_throw,,,90.0,93.0,1.0,huertke01,,,,,,makes,2.0,2.0,,,,,,,,,,,,,,,,,,,,,,1:59.0 90-93 +1 huertke01 makes free throw 2 of 2,1:59.0
331,substitution,,,90.0,93.0,,,,,,,,,,,,,,,,,,,,,,,,,,,,,,,,1:59.0 butleji01 enters the game for santogu01 90-93,1:59.0
332,fg_miss,,,90.0,93.0,,curryst01,3.0,jump shot,26.0,,,,,,,,,,,,,,,,,,,,,,,,,,,1:52.0 curryst01 misses 3-pt jump shot from 26 ft 90-93,1:52.0
333,rebound,,,90.0,93.0,,,,,,,,,,,offensive,looneke01,False,,,,,,,,,,,,,,,,,,,1:49.0 Offensive rebound by looneke01 90-93,1:49.0
334,fg_miss,,,90.0,93.0,,podzibr01,2.0,jump shot,11.0,,,,,,,,,,,,,,,,,,,,,,,,,,,1:38.0 podzibr01 misses 2-pt jump shot from 11 ft 90-93,1:38.0
335,rebound,,,90.0,93.0,,,,,,,,,,,offensive,curryst01,False,,,,,,,,,,,,,,,,,,,1:36.0 Offensive rebound by curryst01 90-93,1:36.0
336,fg_miss,,,90.0,93.0,,curryst01,2.0,layup,3.0,,,,,,,,,,,,,,,,,,,,,,,,,,,1:35.0 curryst01 misses 2-pt layup from 3 ft 90-93,1:35.0
337,rebound,,,90.0,93.0,,,,,,,,,,,offensive,butleji01,False,,,,,,,,,,,,,,,,,,,1:33.0 Offensive rebound by butleji01 90-93,1:33.0
338,fg_make,,,92.0,93.0,2.0,butleji01,2.0,layup,2.0,,,,,,,,,,,,,,,,,,,,,,,,,,,1:33.0 butleji01 makes 2-pt layup from 2 ft +2 92-93,1:33.0
339,fg_miss,,,92.0,93.0,,huertke01,2.0,layup,7.0,,butleji01,,,,,,,,,,,,,,,,,,,,,,,,,1:26.0 92-93 huertke01 misses 2-pt layup from 7 ft (block by butleji01 ),1:26.0
340,rebound,,,92.0,93.0,,,,,,,,,,,defensive,curryst01,False,,,,,,,,,,,,,,,,,,,1:25.0 Defensive rebound by curryst01 92-93,1:25.0
341,foul,,,92.0,93.0,,,,,,,,,,,,,,personal,huertke01,curryst01,,,,,,,,,,,,,,,,1:23.0 Personal foul by huertke01 (drawn by curryst01 ) 92-93,1:23.0
342,instant_replay,,,92.0,93.0,,,,,,,,,,,,,,,,,,,,,,,,,,,,,,,,1:23.0 Instant Replay (Request: Ruling Stands) 92-93,1:23.0
343,free_throw,,,92.0,93.0,,curryst01,,,,,,misses,1.0,1.0,,,,,,,,,,,,,,,,,,,,,,1:23.0 curryst01 misses free throw 1 of 1 92-93,1:23.0
344,rebound,,,92.0,93.0,,,,,,,,,,,offensive,,True,,,,,,,,,,,,,,,,,,,1:23.0 Offensive rebound by Team 92-93,1:23.0
345,fg_make,,,94.0,93.0,2.0,curryst01,2.0,jump shot,15.0,podzibr01,,,,,,,,,,,,,,,,,,,,,,,,,,1:11.0 curryst01 makes 2-pt jump shot from 15 ft (assist by podzibr01 ) +2 94-93,1:11.0
346,turnover,,,94.0,93.0,,,,,,,,,,,,,,,,,huertke01,traveling,,,,,,,,,,,,,,0:55.0 94-93 Turnover by huertke01 (traveling),0:55.0
347,turnover,,,94.0,93.0,,,,,,,,,,,,,,,,,podzibr01,bad pass; steal by giddejo01,giddejo01,,,,,,,,,,,,,0:46.0 Turnover by podzibr01 (bad pass; steal by giddejo01 ) 94-93,0:46.0
348,fg_miss,,,94.0,93.0,,giddejo01,3.0,jump shot,27.0,,,,,,,,,,,,,,,,,,,,,,,,,,,0:36.0 94-93 giddejo01 misses 3-pt jump shot from 27 ft,0:36.0
349,rebound,,,94.0,93.0,,,,,,,,,,,defensive,looneke01,False,,,,,,,,,,,,,,,,,,,0:33.0 Defensive rebound by looneke01 94-93,0:33.0
350,fg_make,,,97.0,93.0,3.0,curryst01,3.0,jump shot,26.0,podzibr01,,,,,,,,,,,,,,,,,,,,,,,,,,0:14.0 curryst01 makes 3-pt jump shot from 26 ft (assist by podzibr01 ) +3 97-93,0:14.0
351,fg_miss,,,97.0,93.0,,whiteco01,2.0,layup,5.0,,,,,,,,,,,,,,,,,,,,,,,,,,,0:02.0 97-93 whiteco01 misses 2-pt layup from 5 ft,0:02.0
352,rebound,,,97.0,93.0,,,,,,,,,,,offensive,,True,,,,,,,,,,,,,,,,,,,0:00.0 97-93 Offensive rebound by Team,0:00.0
353,substitution,,,97.0,93.0,,,,,,,,,,,,,,,,,,,,,,,,,,,,,,,,0:00.0 greendr01 enters the game for curryst01 97-93,0:00.0
354,substitution,,,97.0,93.0,,,,,,,,,,,,,,,,,,,,,,,,,,,,,,,,0:00.0 paytoga02 enters the game for podzibr01 97-93,0:00.0
355,foul,,,97.0,93.0,,,,,,,,,,,,,,away from play,moodymo01,whiteco01,,,,,,,,,,,,,,,,0:00.0 97-93 Away from play foul by moodymo01 (drawn by whiteco01 ),0:00.0
356,free_throw,,,97.0,94.0,1.0,whiteco01,,,,,,makes,1.0,1.0,,,,,,,,,,,,,,,,,,,,,,0:00.0 97-94 +1 whiteco01 makes free throw 1 of 1,0:00.0
357,fg_miss,,,97.0,94.0,,smithja04,2.0,layup,5.0,,,,,,,,,,,,,,,,,,,,,,,,,,,0:00.0 97-94 smithja04 misses 2-pt layup from 5 ft,0:00.0
358,rebound,,,97.0,94.0,,,,,,,,,,,offensive,,True,,,,,,,,,,,,,,,,,,,0:00.0 97-94 Offensive rebound by Team,0:00.0
359,period_end,,,,,,,,,,,,,,,,,,,,,,,,,,,,,,,,,quarter,3.0,,0:00.0 End of 3rd quarter,0:00.0
360,period_start,,,,,,,,,,,,,,,,,,,,,,,,,,,,,,,,,quarter,4.0,,12:00.0 Start of 4th quarter,12:00.0
361,foul,,,97.0,94.0,,,,,,,,,,,,,,personal,jonestr01,butleji01,,,,,,,,,,,,,,,,11:50.0 Personal foul by jonestr01 (drawn by butleji01 ) 97-94,11:50.0
362,substitution,,,97.0,94.0,,,,,,,,,,,,,,,,,,,,,,,,,,,,,,,,11:50.0 97-94 willipa01 enters the game for giddejo01,11:50.0
363,fg_miss,,,97.0,94.0,,hieldbu01,2.0,jump shot,11.0,,,,,,,,,,,,,,,,,,,,,,,,,,,11:45.0 hieldbu01 misses 2-pt jump shot from 11 ft 97-94,11:45.0
364,rebound,,,97.0,94.0,,,,,,,,,,,defensive,vucevni01,False,,,,,,,,,,,,,,,,,,,11:43.0 97-94 Defensive rebound by vucevni01,11:43.0
365,fg_miss,,,97.0,94.0,,vucevni01,2.0,layup,10.0,,postqu01,,,,,,,,,,,,,,,,,,,,,,,,,11:33.0 97-94 vucevni01 misses 2-pt layup from 10 ft (block by postqu01 ),11:33.0
366,rebound,,,97.0,94.0,,,,,,,,,,,offensive,vucevni01,False,,,,,,,,,,,,,,,,,,,11:32.0 97-94 Offensive rebound by vucevni01,11:32.0
367,turnover,,,97.0,94.0,,,,,,,,,,,,,,,,,vucevni01,bad pass,,,,,,,,,,,,,,11:27.0 97-94 Turnover by vucevni01 (bad pass),11:27.0
368,fg_make,,,99.0,94.0,2.0,butleji01,2.0,layup,4.0,greendr01,,,,,,,,,,,,,,,,,,,,,,,,,,11:09.0 butleji01 makes 2-pt layup from 4 ft (assist by greendr01 ) +2 99-94,11:09.0
369,foul,,,99.0,94.0,,,,,,,,,,,,,,shooting,huertke01,butleji01,,,,,,,,,,,,,,,,11:09.0 Shooting foul by huertke01 (drawn by butleji01 ) 99-94,11:09.0
370,substitution,,,99.0,94.0,,,,,,,,,,,,,,,,,,,,,,,,,,,,,,,,11:09.0 99-94 dosunay01 enters the game for huertke01,11:09.0
371,free_throw,,,100.0,94.0,1.0,butleji01,,,,,,makes,1.0,1.0,,,,,,,,,,,,,,,,,,,,,,11:09.0 butleji01 makes free throw 1 of 1 +1 100-94,11:09.0
372,turnover,,,100.0,94.0,,,,,,,,,,,,,,,,,willipa01,out of bounds lost ball,,,,,,,,,,,,,,10:56.0 100-94 Turnover by willipa01 (out of bounds lost ball),10:56.0
373,substitution,,,100.0,94.0,,,,,,,,,,,,,,,,,,,,,,,,,,,,,,,,10:56.0 100-94 giddejo01 enters the game for jonestr01,10:56.0
374,foul,,,100.0,94.0,,,,,,,,,,,,,,shooting,willipa01,butleji01,,,,,,,,,,,,,,,,10:38.0 Shooting foul by willipa01 (drawn by butleji01 ) 100-94,10:38.0
375,free_throw,,,101.0,94.0,1.0,butleji01,,,,,,makes,1.0,2.0,,,,,,,,,,,,,,,,,,,,,,10:38.0 butleji01 makes free throw 1 of 2 +1 101-94,10:38.0
376,free_throw,,,102.0,94.0,1.0,butleji01,,,,,,makes,2.0,2.0,,,,,,,,,,,,,,,,,,,,,,10:38.0 butleji01 makes free throw 2 of 2 +1 102-94,10:38.0
377,fg_miss,,,102.0,94.0,,vucevni01,2.0,jump shot,20.0,,,,,,,,,,,,,,,,,,,,,,,,,,,10:32.0 102-94 vucevni01 misses 2-pt jump shot from 20 ft,10:32.0
378,rebound,,,102.0,94.0,,,,,,,,,,,offensive,willipa01,False,,,,,,,,,,,,,,,,,,,10:29.0 102-94 Offensive rebound by willipa01,10:29.0
379,turnover,,,102.0,94.0,,,,,,,,,,,,,,,,,willipa01,lost ball; steal by greendr01,greendr01,,,,,,,,,,,,,10:23.0 102-94 Turnover by willipa01 (lost ball; steal by greendr01 ),10:23.0
380,fg_make,,,104.0,94.0,2.0,butleji01,2.0,dunk,3.0,podzibr01,,,,,,,,,,,,,,,,,,,,,,,,,,10:20.0 butleji01 makes 2-pt dunk from 3 ft (assist by podzibr01 ) +2 104-94,10:20.0
381,fg_miss,,,104.0,94.0,,vucevni01,2.0,jump shot,18.0,,,,,,,,,,,,,,,,,,,,,,,,,,,9:51.0 104-94 vucevni01 misses 2-pt jump shot from 18 ft,9:51.0
382,rebound,,,104.0,94.0,,,,,,,,,,,defensive,podzibr01,False,,,,,,,,,,,,,,,,,,,9:49.0 Defensive rebound by podzibr01 104-94,9:49.0
383,fg_make,,,106.0,94.0,2.0,podzibr01,2.0,layup,2.0,greendr01,,,,,,,,,,,,,,,,,,,,,,,,,,9:39.0 podzibr01 makes 2-pt layup from 2 ft (assist by greendr01 ) +2 106-94,9:39.0
384,timeout,,,106.0,94.0,,,,,,,,,,,,,,,,,,,,,,,,,,,,Chicago full,,,,9:37.0 106-94 Chicago full timeout,9:37.0
385,foul,,,106.0,94.0,,,,,,,,,,,,,,shooting,hieldbu01,whiteco01,,,,,,,,,,,,,,,,9:14.0 106-94 Shooting foul by hieldbu01 (drawn by whiteco01 ),9:14.0
386,free_throw,,,106.0,95.0,1.0,whiteco01,,,,,,makes,1.0,2.0,,,,,,,,,,,,,,,,,,,,,,9:14.0 106-95 +1 whiteco01 makes free throw 1 of 2,9:14.0
387,free_throw,,,106.0,96.0,1.0,whiteco01,,,,,,makes,2.0,2.0,,,,,,,,,,,,,,,,,,,,,,9:14.0 106-96 +1 whiteco01 makes free throw 2 of 2,9:14.0
388,substitution,,,106.0,96.0,,,,,,,,,,,,,,,,,,,,,,,,,,,,,,,,9:14.0 106-96 buzelma01 enters the game for willipa01,9:14.0
389,fg_make,,,109.0,96.0,3.0,postqu01,3.0,jump shot,23.0,butleji01,,,,,,,,,,,,,,,,,,,,,,,,,,8:58.0 postqu01 makes 3-pt jump shot from 23 ft (assist by butleji01 ) +3 109-96,8:58.0
390,turnover,,,109.0,96.0,,,,,,,,,,,,,,,,,buzelma01,lost ball; steal by greendr01,greendr01,,,,,,,,,,,,,8:45.0 109-96 Turnover by buzelma01 (lost ball; steal by greendr01 ),8:45.0
391,fg_make,,,111.0,96.0,2.0,butleji01,2.0,layup,3.0,podzibr01,,,,,,,,,,,,,,,,,,,,,,,,,,8:35.0 butleji01 makes 2-pt layup from 3 ft (assist by podzibr01 ) +2 111-96,8:35.0
392,foul,,,111.0,96.0,,,,,,,,,,,,,,shooting,giddejo01,butleji01,,,,,,,,,,,,,,,,8:35.0 Shooting foul by giddejo01 (drawn by butleji01 ) 111-96,8:35.0
393,free_throw,,,112.0,96.0,1.0,butleji01,,,,,,makes,1.0,1.0,,,,,,,,,,,,,,,,,,,,,,8:35.0 butleji01 makes free throw 1 of 1 +1 112-96,8:35.0
394,fg_miss,,,112.0,96.0,,whiteco01,3.0,jump shot,27.0,,,,,,,,,,,,,,,,,,,,,,,,,,,8:25.0 112-96 whiteco01 misses 3-pt jump shot from 27 ft,8:25.0
395,rebound,,,112.0,96.0,,,,,,,,,,,defensive,postqu01,False,,,,,,,,,,,,,,,,,,,8:22.0 Defensive rebound by postqu01 112-96,8:22.0
396,turnover,,,112.0,96.0,,,,,,,,,,,,,,,,,greendr01,bad pass,,,,,,,,,,,,,,8:18.0 Turnover by greendr01 (bad pass) 112-96,8:18.0
397,fg_miss,,,112.0,96.0,,buzelma01,3.0,jump shot,23.0,,,,,,,,,,,,,,,,,,,,,,,,,,,8:07.0 112-96 buzelma01 misses 3-pt jump shot from 23 ft,8:07.0
398,rebound,,,112.0,96.0,,,,,,,,,,,defensive,podzibr01,False,,,,,,,,,,,,,,,,,,,8:05.0 Defensive rebound by podzibr01 112-96,8:05.0
399,fg_miss,,,112.0,96.0,,butleji01,2.0,jump shot,12.0,,buzelma01,,,,,,,,,,,,,,,,,,,,,,,,,7:52.0 butleji01 misses 2-pt jump shot from 12 ft (block by buzelma01 ) 112-96,7:52.0
400,rebound,,,112.0,96.0,,,,,,,,,,,offensive,podzibr01,False,,,,,,,,,,,,,,,,,,,7:50.0 Offensive rebound by podzibr01 112-96,7:50.0
401,fg_make,,,115.0,96.0,3.0,podzibr01,3.0,jump shot,26.0,postqu01,,,,,,,,,,,,,,,,,,,,,,,,,,7:44.0 podzibr01 makes 3-pt jump shot from 26 ft (assist by postqu01 ) +3 115-96,7:44.0
402,unknown,,,115.0,96.0,,,,,,,,,,,,,,,,,,,,,,,,,,,,,,,Personal take foul by greendr01 (drawn by whiteco01 ),7:32.0 115-96 Personal take foul by greendr01 (drawn by whiteco01 ),7:32.0
403,substitution,,,115.0,96.0,,,,,,,,,,,,,,,,,,,,,,,,,,,,,,,,7:32.0 santogu01 enters the game for butleji01 115-96,7:32.0
404,fg_make,,,115.0,98.0,2.0,vucevni01,2.0,jump shot,10.0,giddejo01,,,,,,,,,,,,,,,,,,,,,,,,,,7:24.0 115-98 +2 vucevni01 makes 2-pt jump shot from 10 ft (assist by giddejo01 ),7:24.0
405,timeout,,,115.0,98.0,,,,,,,,,,,,,,,,,,,,,,,,,,,,Golden State full,,,,7:13.0 Golden State full timeout 115-98,7:13.0
406,substitution,,,115.0,98.0,,,,,,,,,,,,,,,,,,,,,,,,,,,,,,,,7:13.0 curryst01 enters the game for hieldbu01 115-98,7:13.0
407,fg_miss,,,115.0,98.0,,podzibr01,3.0,jump shot,26.0,,,,,,,,,,,,,,,,,,,,,,,,,,,7:04.0 podzibr01 misses 3-pt jump shot from 26 ft 115-98,7:04.0
408,rebound,,,115.0,98.0,,,,,,,,,,,defensive,vucevni01,False,,,,,,,,,,,,,,,,,,,7:01.0 115-98 Defensive rebound by vucevni01,7:01.0
409,foul,,,115.0,98.0,,,,,,,,,,,,,,personal,podzibr01,whiteco01,,,,,,,,,,,,,,,,6:57.0 115-98 Personal foul by podzibr01 (drawn by whiteco01 ),6:57.0
410,fg_make,,,115.0,101.0,3.0,giddejo01,3.0,jump shot,25.0,whiteco01,,,,,,,,,,,,,,,,,,,,,,,,,,6:48.0 115-101 +3 giddejo01 makes 3-pt jump shot from 25 ft (assist by whiteco01 ),6:48.0
411,fg_make,,,118.0,101.0,3.0,postqu01,3.0,jump shot,24.0,greendr01,,,,,,,,,,,,,,,,,,,,,,,,,,6:27.0 postqu01 makes 3-pt jump shot from 24 ft (assist by greendr01 ) +3 118-101,6:27.0
412,fg_miss,,,118.0,101.0,,giddejo01,2.0,layup,10.0,,,,,,,,,,,,,,,,,,,,,,,,,,,6:19.0 118-101 giddejo01 misses 2-pt layup from 10 ft,6:19.0
413,rebound,,,118.0,101.0,,,,,,,,,,,defensive,santogu01,False,,,,,,,,,,,,,,,,,,,6:16.0 Defensive rebound by santogu01 118-101,6:16.0
414,fg_make,,,121.0,101.0,3.0,postqu01,3.0,jump shot,26.0,curryst01,,,,,,,,,,,,,,,,,,,,,,,,,,6:08.0 postqu01 makes 3-pt jump shot from 26 ft (assist by curryst01 ) +3 121-101,6:08.0
415,fg_miss,,,121.0,101.0,,dosunay01,3.0,jump shot,27.0,,,,,,,,,,,,,,,,,,,,,,,,,,,5:55.0 121-101 dosunay01 misses 3-pt jump shot from 27 ft,5:55.0
416,rebound,,,121.0,101.0,,,,,,,,,,,defensive,santogu01,False,,,,,,,,,,,,,,,,,,,5:53.0 Defensive rebound by santogu01 121-101,5:53.0
417,fg_miss,,,121.0,101.0,,curryst01,3.0,jump shot,30.0,,,,,,,,,,,,,,,,,,,,,,,,,,,5:40.0 curryst01 misses 3-pt jump shot from 30 ft 121-101,5:40.0
418,rebound,,,121.0,101.0,,,,,,,,,,,defensive,buzelma01,False,,,,,,,,,,,,,,,,,,,5:38.0 121-101 Defensive rebound by buzelma01,5:38.0
419,fg_miss,,,121.0,101.0,,dosunay01,3.0,jump shot,24.0,,,,,,,,,,,,,,,,,,,,,,,,,,,5:31.0 121-101 dosunay01 misses 3-pt jump shot from 24 ft,5:31.0
420,rebound,,,121.0,101.0,,,,,,,,,,,defensive,podzibr01,False,,,,,,,,,,,,,,,,,,,5:29.0 Defensive rebound by podzibr01 121-101,5:29.0
421,fg_make,,,123.0,101.0,2.0,podzibr01,2.0,layup,4.0,,,,,,,,,,,,,,,,,,,,,,,,,,,5:19.0 podzibr01 makes 2-pt layup from 4 ft +2 123-101,5:19.0
422,fg_miss,,,123.0,101.0,,whiteco01,2.0,layup,4.0,,,,,,,,,,,,,,,,,,,,,,,,,,,5:06.0 123-101 whiteco01 misses 2-pt layup from 4 ft,5:06.0
423,rebound,,,123.0,101.0,,,,,,,,,,,defensive,podzibr01,False,,,,,,,,,,,,,,,,,,,5:04.0 Defensive rebound by podzibr01 123-101,5:04.0
424,fg_miss,,,123.0,101.0,,curryst01,3.0,jump shot,25.0,,,,,,,,,,,,,,,,,,,,,,,,,,,5:00.0 curryst01 misses 3-pt jump shot from 25 ft 123-101,5:00.0
425,rebound,,,123.0,101.0,,,,,,,,,,,defensive,vucevni01,False,,,,,,,,,,,,,,,,,,,4:57.0 123-101 Defensive rebound by vucevni01,4:57.0
426,fg_miss,,,123.0,101.0,,buzelma01,2.0,layup,2.0,,,,,,,,,,,,,,,,,,,,,,,,,,,4:49.0 123-101 buzelma01 misses 2-pt layup from 2 ft,4:49.0
427,rebound,,,123.0,101.0,,,,,,,,,,,defensive,santogu01,False,,,,,,,,,,,,,,,,,,,4:47.0 Defensive rebound by santogu01 123-101,4:47.0
428,fg_make,,,126.0,101.0,3.0,santogu01,3.0,jump shot,24.0,podzibr01,,,,,,,,,,,,,,,,,,,,,,,,,,4:31.0 santogu01 makes 3-pt jump shot from 24 ft (assist by podzibr01 ) +3 126-101,4:31.0
429,fg_miss,,,126.0,101.0,,buzelma01,3.0,jump shot,27.0,,,,,,,,,,,,,,,,,,,,,,,,,,,4:17.0 126-101 buzelma01 misses 3-pt jump shot from 27 ft,4:17.0
430,rebound,,,126.0,101.0,,,,,,,,,,,defensive,curryst01,False,,,,,,,,,,,,,,,,,,,4:14.0 Defensive rebound by curryst01 126-101,4:14.0
431,fg_miss,,,126.0,101.0,,santogu01,3.0,jump shot,26.0,,,,,,,,,,,,,,,,,,,,,,,,,,,4:03.0 santogu01 misses 3-pt jump shot from 26 ft 126-101,4:03.0
432,rebound,,,126.0,101.0,,,,,,,,,,,defensive,whiteco01,False,,,,,,,,,,,,,,,,,,,4:00.0 126-101 Defensive rebound by whiteco01,4:00.0
433,unknown,,,126.0,101.0,,,,,,,,,,,,,,,,,,,,,,,,,,,,,,,Personal take foul by postqu01 (drawn by giddejo01 ),3:53.0 126-101 Personal take foul by postqu01 (drawn by giddejo01 ),3:53.0
434,substitution,,,126.0,101.0,,,,,,,,,,,,,,,,,,,,,,,,,,,,,,,,3:53.0 jackstr02 enters the game for curryst01 126-101,3:53.0
435,substitution,,,126.0,101.0,,,,,,,,,,,,,,,,,,,,,,,,,,,,,,,,3:53.0 moodymo01 enters the game for greendr01 126-101,3:53.0
436,substitution,,,126.0,101.0,,,,,,,,,,,,,,,,,,,,,,,,,,,,,,,,3:53.0 roweja01 enters the game for podzibr01 126-101,3:53.0
437,substitution,,,126.0,101.0,,,,,,,,,,,,,,,,,,,,,,,,,,,,,,,,3:53.0 spencpa01 enters the game for postqu01 126-101,3:53.0
438,substitution,,,126.0,101.0,,,,,,,,,,,,,,,,,,,,,,,,,,,,,,,,3:53.0 126-101 carteje01 enters the game for buzelma01,3:53.0
439,substitution,,,126.0,101.0,,,,,,,,,,,,,,,,,,,,,,,,,,,,,,,,3:53.0 126-101 jonestr01 enters the game for dosunay01,3:53.0
440,substitution,,,126.0,101.0,,,,,,,,,,,,,,,,,,,,,,,,,,,,,,,,3:53.0 126-101 phillju01 enters the game for giddejo01,3:53.0
441,substitution,,,126.0,101.0,,,,,,,,,,,,,,,,,,,,,,,,,,,,,,,,3:53.0 126-101 smithja04 enters the game for vucevni01,3:53.0
442,substitution,,,126.0,101.0,,,,,,,,,,,,,,,,,,,,,,,,,,,,,,,,3:53.0 126-101 terryda01 enters the game for whiteco01,3:53.0
443,fg_make,,,126.0,104.0,3.0,phillju01,3.0,jump shot,23.0,jonestr01,,,,,,,,,,,,,,,,,,,,,,,,,,3:40.0 126-104 +3 phillju01 makes 3-pt jump shot from 23 ft (assist by jonestr01 ),3:40.0
444,turnover,,,126.0,104.0,,,,,,,,,,,,,,,,,jackstr02,bad pass; steal by phillju01,phillju01,,,,,,,,,,,,,3:17.0 Turnover by jackstr02 (bad pass; steal by phillju01 ) 126-104,3:17.0
445,fg_make,,,126.0,106.0,2.0,terryda01,2.0,layup,6.0,phillju01,,,,,,,,,,,,,,,,,,,,,,,,,,3:12.0 126-106 +2 terryda01 makes 2-pt layup from 6 ft (assist by phillju01 ),3:12.0
446,foul,,,126.0,106.0,,,,,,,,,,,,,,shooting,santogu01,terryda01,,,,,,,,,,,,,,,,3:12.0 126-106 Shooting foul by santogu01 (drawn by terryda01 ),3:12.0
447,free_throw,,,126.0,106.0,,terryda01,,,,,,misses,1.0,1.0,,,,,,,,,,,,,,,,,,,,,,3:12.0 126-106 terryda01 misses free throw 1 of 1,3:12.0
448,rebound,,,126.0,106.0,,,,,,,,,,,defensive,roweja01,False,,,,,,,,,,,,,,,,,,,3:11.0 Defensive rebound by roweja01 126-106,3:11.0
449,fg_make,,,128.0,106.0,2.0,moodymo01,2.0,layup,2.0,roweja01,,,,,,,,,,,,,,,,,,,,,,,,,,2:58.0 moodymo01 makes 2-pt layup from 2 ft (assist by roweja01 ) +2 128-106,2:58.0
450,turnover,,,128.0,106.0,,,,,,,,,,,,,,,,,smithja04,lost ball; steal by roweja01,roweja01,,,,,,,,,,,,,2:44.0 128-106 Turnover by smithja04 (lost ball; steal by roweja01 ),2:44.0
451,fg_miss,,,128.0,106.0,,moodymo01,3.0,jump shot,26.0,,,,,,,,,,,,,,,,,,,,,,,,,,,2:38.0 moodymo01 misses 3-pt jump shot from 26 ft 128-106,2:38.0
452,rebound,,,128.0,106.0,,,,,,,,,,,offensive,santogu01,False,,,,,,,,,,,,,,,,,,,2:34.0 Offensive rebound by santogu01 128-106,2:34.0
453,fg_miss,,,128.0,106.0,,moodymo01,2.0,layup,5.0,,,,,,,,,,,,,,,,,,,,,,,,,,,2:31.0 moodymo01 misses 2-pt layup from 5 ft 128-106,2:31.0
454,rebound,,,128.0,106.0,,,,,,,,,,,offensive,jackstr02,False,,,,,,,,,,,,,,,,,,,2:30.0 Offensive rebound by jackstr02 128-106,2:30.0
455,fg_make,,,130.0,106.0,2.0,jackstr02,2.0,dunk,2.0,,,,,,,,,,,,,,,,,,,,,,,,,,,2:30.0 jackstr02 makes 2-pt dunk from 2 ft +2 130-106,2:30.0
456,foul,,,130.0,106.0,,,,,,,,,,,,,,shooting,santogu01,terryda01,,,,,,,,,,,,,,,,2:20.0 130-106 Shooting foul by santogu01 (drawn by terryda01 ),2:20.0
457,free_throw,,,130.0,106.0,,terryda01,,,,,,misses,1.0,2.0,,,,,,,,,,,,,,,,,,,,,,2:20.0 130-106 terryda01 misses free throw 1 of 2,2:20.0
458,rebound,,,130.0,106.0,,,,,,,,,,,offensive,,True,,,,,,,,,,,,,,,,,,,2:20.0 130-106 Offensive rebound by Team,2:20.0
459,free_throw,,,130.0,107.0,1.0,terryda01,,,,,,makes,2.0,2.0,,,,,,,,,,,,,,,,,,,,,,2:20.0 130-107 +1 terryda01 makes free throw 2 of 2,2:20.0
460,fg_miss,,,130.0,107.0,,moodymo01,2.0,jump shot,5.0,,,,,,,,,,,,,,,,,,,,,,,,,,,2:01.0 moodymo01 misses 2-pt jump shot from 5 ft 130-107,2:01.0
461,rebound,,,130.0,107.0,,,,,,,,,,,defensive,jonestr01,False,,,,,,,,,,,,,,,,,,,1:58.0 130-107 Defensive rebound by jonestr01,1:58.0
462,fg_miss,,,130.0,107.0,,carteje01,3.0,jump shot,26.0,,,,,,,,,,,,,,,,,,,,,,,,,,,1:53.0 130-107 carteje01 misses 3-pt jump shot from 26 ft,1:53.0
463,rebound,,,130.0,107.0,,,,,,,,,,,offensive,smithja04,False,,,,,,,,,,,,,,,,,,,1:50.0 130-107 Offensive rebound by smithja04,1:50.0
464,fg_miss,,,130.0,107.0,,smithja04,3.0,jump shot,23.0,,,,,,,,,,,,,,,,,,,,,,,,,,,1:45.0 130-107 smithja04 misses 3-pt jump shot from 23 ft,1:45.0
465,rebound,,,130.0,107.0,,,,,,,,,,,defensive,,True,,,,,,,,,,,,,,,,,,,1:41.0 Defensive rebound by Team 130-107,1:41.0
466,turnover,,,130.0,107.0,,,,,,,,,,,,,,,,,santogu01,bad pass; steal by jonestr01,jonestr01,,,,,,,,,,,,,1:26.0 Turnover by santogu01 (bad pass; steal by jonestr01 ) 130-107,1:26.0
467,foul,,,130.0,107.0,,,,,,,,,,,,,,shooting,moodymo01,terryda01,,,,,,,,,,,,,,,,1:22.0 130-107 Shooting foul by moodymo01 (drawn by terryda01 ),1:22.0
468,free_throw,,,130.0,108.0,1.0,terryda01,,,,,,makes,1.0,2.0,,,,,,,,,,,,,,,,,,,,,,1:22.0 130-108 +1 terryda01 makes free throw 1 of 2,1:22.0
469,free_throw,,,130.0,109.0,1.0,terryda01,,,,,,makes,2.0,2.0,,,,,,,,,,,,,,,,,,,,,,1:22.0 130-109 +1 terryda01 makes free throw 2 of 2,1:22.0
470,fg_miss,,,130.0,109.0,,roweja01,3.0,jump shot,26.0,,,,,,,,,,,,,,,,,,,,,,,,,,,1:10.0 roweja01 misses 3-pt jump shot from 26 ft 130-109,1:10.0
471,rebound,,,130.0,109.0,,,,,,,,,,,defensive,,True,,,,,,,,,,,,,,,,,,,1:07.0 130-109 Defensive rebound by Team,1:07.0
472,fg_miss,,,130.0,109.0,,jonestr01,2.0,layup,6.0,,jackstr02,,,,,,,,,,,,,,,,,,,,,,,,,0:59.0 130-109 jonestr01 misses 2-pt layup from 6 ft (block by jackstr02 ),0:59.0
473,rebound,,,130.0,109.0,,,,,,,,,,,offensive,,True,,,,,,,,,,,,,,,,,,,0:56.0 130-109 Offensive rebound by Team,0:56.0
474,fg_miss,,,130.0,109.0,,carteje01,3.0,jump shot,28.0,,,,,,,,,,,,,,,,,,,,,,,,,,,0:50.0 130-109 carteje01 misses 3-pt jump shot from 28 ft,0:50.0
475,rebound,,,130.0,109.0,,,,,,,,,,,defensive,jackstr02,False,,,,,,,,,,,,,,,,,,,0:48.0 Defensive rebound by jackstr02 130-109,0:48.0
476,fg_make,,,132.0,109.0,2.0,roweja01,2.0,layup,5.0,spencpa01,,,,,,,,,,,,,,,,,,,,,,,,,,0:43.0 roweja01 makes 2-pt layup from 5 ft (assist by spencpa01 ) +2 132-109,0:43.0
477,fg_make,,,132.0,111.0,2.0,terryda01,2.0,layup,3.0,carteje01,,,,,,,,,,,,,,,,,,,,,,,,,,0:33.0 132-111 +2 terryda01 makes 2-pt layup from 3 ft (assist by carteje01 ),0:33.0
478,fg_miss,,,132.0,111.0,,spencpa01,2.0,layup,6.0,,,,,,,,,,,,,,,,,,,,,,,,,,,0:27.0 spencpa01 misses 2-pt layup from 6 ft 132-111,0:27.0
479,rebound,,,132.0,111.0,,,,,,,,,,,defensive,carteje01,False,,,,,,,,,,,,,,,,,,,0:25.0 132-111 Defensive rebound by carteje01,0:25.0
480,fg_miss,,,132.0,111.0,,carteje01,3.0,jump shot,23.0,,jackstr02,,,,,,,,,,,,,,,,,,,,,,,,,0:12.0 132-111 carteje01 misses 3-pt jump shot from 23 ft (block by jackstr02 ),0:12.0
481,rebound,,,132.0,111.0,,,,,,,,,,,defensive,jackstr02,False,,,,,,,,,,,,,,,,,,,0:11.0 Defensive rebound by jackstr02 132-111,0:11.0
482,period_end,,,,,,,,,,,,,,,,,,,,,,,,,,,,,,,,,quarter,4.0,,0:00.0 End of 4th quarter,0:00.0
